0 193.3125 29.62291688706762 0.2059599575923216 0.031516243553037775 0.5804820237218405 0.2 2.1 0.9405913511437191
1 168.945375 19.199932733083685 0.2159761742446867 0.024711613264177947 0.5958197475323675 0.2 2.85 0.8825440418552174
2 185.250625 141.80024208420141 0.13820711544133202 0.10554771278580473 0.19399377347915636 0.2 1.55 0.9427962611692333
3 218.6875 0.2613462843970035 0.24978436339705007 0.00030056439979177067 0.25 0.5 1.0 0.9993116223133025
4 196.87925 62.295735464824496 0.17408797448450425 0.0550243616027327 0.5125982222604113 0.25 27.075 0.9561313264758545
5 198.95125 120.66506347783978 0.16581428622439337 0.10057668313981862 0.4657803620627517 1.0 0.35 0.9758590595065134
6 201.966 65.81909316230667 0.1844293236785803 0.06009531093132118 0.42068364143627923 0.3333333333333333 76.95 0.957189447441333
7 188.022125 62.65364014079553 0.17891038053933647 0.058442380944124774 0.171302323995373 0.14285714285714285 1.45 0.9540519067474368
8 187.55625 39.42410802466093 0.1841249289020613 0.03873198683036735 0.5804820237218405 0.2 2.05 0.9301311624480332
9 205.2135 89.97528741802142 0.15814270152179002 0.06898628976091738 0.2785101373986526 0.5 0.45 0.9824035325897741
10 202.0625 12.651250975286663 0.23119606470379797 0.014583497609520518 0.25 0.5 26.25 0.9713970014473534
11 198.659375 170.19758513161736 0.13452285724882204 0.11513180994462462 0.09318043327935219 1.0 0.2 0.9856838455447742
12 188.07825 34.844394060026396 0.20825315597253807 0.036882460114302316 0.20454007637560415 1.0 0.15 0.9443627732416526
13 204.625 3.365096401733339 0.24576376724757945 0.0040729518834501 0.25 0.5 1.225 0.9671085472604743
14 179.10675 19.819541896150177 0.22657356520054422 0.025304033720992505 0.5125982222604113 0.25 1.675 0.9036173537430806
15 216.5625 2.0444203685723004 0.24691460848581262 0.002347137587671961 0.25 0.5 1.0 0.9934371158154697
16 195.5095 181.19135538352418 0.12858670109048526 0.11914595038690738 0.13581522254788925 1.0 0.2 0.9837130262655609
17 185.233125 198.53996452079528 0.12061626348542785 0.12930178709860468 0.0760851562531126 1.0 0.075 0.9882769099503408
18 197.549375 171.96668042125256 0.12658530211415706 0.11008300511521966 0.08819523098308693 1.0 0.225 0.9869760572565565
19 203.47125 70.60260635755623 0.16842241346051037 0.05791314287909293 0.018805386189576712 1.0 1.225 0.9664776611521161
20 172.198375 18.797006150190477 0.2308502124786217 0.025001535223485007 0.4756826147293314 0.5 27.275 0.8973719748291943
21 192.80125 109.38357296083484 0.14185469886116175 0.08024308541437679 0.3280159160566712 1.0 0.2 0.937010814882071
22 202.4335 49.57963021979347 0.1867320673993416 0.045554771446966257 0.5210009153551997 0.25 1.975 0.9676169383674148
23 205.31325 136.87969042701852 0.12908358285972224 0.0860425862291562 0.33792195502276834 0.5 25.675 0.9919930987444667
24 198.29375 40.196631058089096 0.1945920415915493 0.039182835914925 0.5293861090078499 0.25 1.875 0.9616285778501673
25 197.6075 184.18602747797402 0.12704124543714687 0.11839878668430237 0.2859229727145554 1.0 0.2 0.9685048428724026
26 187.364125 158.42469805455943 0.13260169249255813 0.11205485460245604 0.22498490135465396 0.5 0.45 0.9442414073774985
27 192.94 177.6428832096926 0.1290501314769575 0.11877148503519382 0.12511465438558464 1.0 0.2 0.9681362287308855
28 206.625 11.67506483594894 0.23048099911114758 0.01311572048623294 0.25 0.5 1.05 0.9790830100204405
29 210.1875 65.0272527145259 0.19064164955681273 0.05894557377489959 0.39623918152056026 0.3333333333333333 2.0 0.9839223232031217
30 184.58425 75.04759206985234 0.19329810611727202 0.07829027080156584 0.45688650905526673 0.3333333333333333 1.675 0.9051199915296855
31 213.3125 19.09852803527755 0.23032306374751552 0.01910444120540811 0.0 1.0 0.0 0.9926826055684296
32 164.8565 17.753762294965743 0.23269259536367332 0.025471447436435056 0.7420226809520512 0.3333333333333333 2.95 0.8912295506781969
33 183.859625 74.51806999941869 0.16626935360448658 0.06702372257533938 0.34930893143453234 1.0 0.9 0.8827526017716419
34 192.278875 48.30230977952412 0.19217419559345258 0.04814256857259708 0.40505690726686383 0.3333333333333333 2.05 0.9315590266923027
35 199.692875 125.61964760712557 0.13291394624953737 0.08353675240214448 0.3331389040581228 0.25 25.75 0.9759240629295917
36 155.295 8.88537017419752 0.23135429557199888 0.013595471837806159 0.41135485951752626 0.5 2.3 0.8347773267987845
37 199.9305 49.00267461452217 0.19270379973111942 0.04704680359820891 0.5084026930947882 0.25 1.975 0.9599700102713967
38 189.457875 148.38507523210086 0.1359440510402672 0.10621106764808909 0.0823840165559594 1.0 0.825 0.9396125202696411
39 158.82125 36.482223762163265 0.19979352711532836 0.04492388072832998 0.1755342620538256 1.0 2.9 0.8469903968541238
40 195.3725 135.29624620433586 0.127610106999599 0.08836562097180396 0.3637683959060261 0.5 26.075 0.9591884479410823
41 195.91375 187.06251326107105 0.1276439577043193 0.12186427430456172 0.10433716702848134 1.0 0.1 0.9890791416564538
42 213.13075 70.99032587309686 0.1872038402374284 0.06236753517247633 0.5024752904610307 0.3333333333333333 2.0 0.981310847696284
43 197.311125 149.1357783645837 0.14017439196936365 0.10577909904993733 0.21102313583232918 0.2 1.2 0.9760270176924727
44 175.6875 21.45269441555592 0.21254128888825274 0.026125827641433556 0.7018300800400871 0.14285714285714285 27.675 0.8453386040989411
45 180.1375 36.32938472716158 0.20179341686465618 0.04105821403413463 0.5804820237218405 0.2 1.35 0.9265633916013246
46 197.27 158.64806227969584 0.13829161413138782 0.11104350685528919 0.1338651552829442 1.0 75.1 0.9757549756063664
47 186.1625 96.03347646173903 0.16070034037412906 0.08220832400490852 0.1254161988064048 1.0 0.925 0.9274655827746577
48 173.53225 40.38939275514235 0.19429767888136723 0.045042455797984784 0.4338817993505763 0.3333333333333333 2.1 0.9064042992806128
49 172.790625 62.777902709111274 0.16008838580336235 0.05751323358698549 0.313078186961709 0.5 1.7 0.9055002419488846
50 205.25 8.609295350212408 0.2346000889895714 0.009912701477066736 0.25 0.5 1.2 0.9660256324862508
51 195.98425 106.48299506813503 0.13888614034112357 0.07530901608600789 0.42498209326467973 0.5 75.5 0.9703302394998684
52 198.460625 66.53397416937088 0.17928727101498293 0.06010890897650678 0.40946794288665245 0.3333333333333333 1.65 0.9663995001979778
53 196.556875 21.503763007549487 0.22438572873440985 0.02489158577051137 0.01040559008056961 1.0 0.15 0.9667215220176867
54 212.475875 69.5461982271155 0.1880037233782117 0.061531901798672996 0.4216836414362793 0.3333333333333333 51.975 0.9874303441969517
55 192.093375 44.65431936576644 0.1860175726890987 0.04303599509690299 0.5273919736864456 0.25 1.575 0.9301074977765622
56 189.4375 68.24008195003017 0.18250240847784202 0.0657418901252699 0.0 1.0 0.0 0.9583937280797068
57 203.449125 18.591393618654976 0.22671604840999862 0.019495556111797235 0.1546634167747878 1.0 0.025 0.9612633511204433
58 179.0945 38.06756816324648 0.20498722220915122 0.043773947388114444 0.6806926793148914 0.16666666666666666 2.45 0.863547546516254
59 168.5785 16.16843406409135 0.23082698945571656 0.022260359762273328 0.5323147442994728 0.3333333333333333 2.175 0.8850916430762551
60 184.528125 145.1369924294883 0.140036986176094 0.10989876140381641 0.12286457982211144 1.0 0.2 0.9346788933060801
61 189.6205 43.03848520390019 0.19476530884831886 0.044026745016131255 0.4348861978383232 0.3333333333333333 1.75 0.9383939529629416
62 210.25 3.404255231813655 0.2452990696577767 0.004000807925001212 0.25 0.5 1.0 0.9761529001056863
63 200.265 92.88378200197528 0.14772107456222336 0.06821706770996354 0.30540586674162074 0.5 1.1 0.9724246829177655
64 214.175 70.30656960306524 0.18793789311439807 0.06168726252267113 0.4050612527601375 0.3333333333333333 2.0 0.9930880419124871
65 194.43475 114.894984926952 0.18527844019988185 0.10948079732377732 0.463193609975201 0.3333333333333333 1.55 0.9651659092017979
66 169.5025 40.1627900316338 0.19439160856004595 0.04489661713195983 0.2902786394809804 0.5 2.55 0.8894605164918122
67 196.99475 86.2318305200267 0.14877069468068185 0.0655749438218073 0.27350237557684154 0.5 25.925 0.960724520518436
68 199.674 131.23104375824343 0.1290381145636487 0.08476940652319603 0.3293272610629209 0.5 51.325 0.9755945292651443
69 188.316 124.62130066409483 0.14592832973041614 0.09637013260013093 0.28880221102294457 1.0 1.325 0.9266287871405332
70 201.454875 142.68142358940958 0.1267593171925595 0.08977676773733526 0.3293809983566907 0.5 0.65 0.982601930270801
71 191.521625 100.82339295704406 0.137975292265071 0.0724157030746826 0.29027863948098037 0.5 0.6 0.9265724246994591
72 190.547 177.48415586054912 0.12892407173122672 0.12006993522504171 0.246535162510354 0.25 0.475 0.9664569917763145
73 189.064375 164.88628282776403 0.1316708641475774 0.1146919826034988 0.08847944349823123 1.0 0.5 0.9536900674295047
74 186.473875 172.9768009173241 0.12914263618962507 0.11975116464636923 0.1642441790271542 0.25 0.4 0.9519642381531275
75 202.754375 107.5490704473985 0.15697828838290168 0.08256786234037825 0.05034616080017752 1.0 0.225 0.9810831396574545
76 182.14725 98.37824303581144 0.15569783410603402 0.08333617950375959 0.09647944349823123 1.0 1.0 0.9192700539573653
77 197.6875 64.9248815618095 0.18809973307319677 0.06176983831181252 0.39623918152056026 0.3333333333333333 27.05 0.9499468265521084
78 205.4375 10.619039054258144 0.24020764911978995 0.012509539163641043 0.5 0.25 51.85 0.9796673038069909
79 190.93975 164.98232819425075 0.133567011061105 0.11536959341263739 0.24314317349329156 1.0 0.625 0.9498341016699567
80 190.5035 176.54187137525474 0.12822398945969737 0.11881423130352504 0.20917455973990995 1.0 0.7 0.96487319773989
81 204.75 104.71423075576868 0.14770883917984515 0.07528852780266973 0.25 0.5 0.725 0.9808197385533493
82 184.0005 113.55090939330249 0.15078454865272545 0.09260585440052245 0.1912724783967973 1.0 0.875 0.9176407967363958
83 192.596375 154.77222675950085 0.13721409780400712 0.11012818033694348 0.18021699709897904 1.0 0.5 0.9646086674985203
84 188.99875 158.24376137282417 0.13435144905061774 0.11240668886554109 0.20636145002792977 1.0 0.05 0.9571492378269976
85 197.52625 59.51444805860517 0.17371402822054086 0.052262630656041975 0.504195575705674 0.25 2.175 0.9523978557177237
86 199.608625 108.98938895942996 0.1285522413285811 0.07016163238490489 0.4206836414362793 0.3333333333333333 1.55 0.9540120892492153
87 200.625 11.275472791908106 0.23006910919943988 0.013027838663200423 0.25 0.5 1.25 0.963071465783905
88 194.51875 170.66390275128282 0.13069231233735473 0.11461422248369271 0.18410528575667184 1.0 0.1 0.9772444558619102
89 210.781375 55.433427694664665 0.1979287436094437 0.050404991768583866 0.10445332271059612 1.0 0.475 0.988580520668782
90 202.582625 56.98101181310859 0.19061572657398757 0.05353989998043961 0.4182813231396823 0.3333333333333333 2.075 0.9606313358748207
91 192.03925 180.12970412937997 0.12674330155242589 0.1188547874872723 0.1948892277592453 0.25 0.2 0.966863557257637
92 184.051125 172.99661110290083 0.12646772305576467 0.11886785685023117 0.24832718623177166 1.0 0.15 0.9425914807807307
93 187.0375 49.68173342525322 0.17526909614449307 0.0456543729372448 0.28996683182612315 0.5 1.475 0.9172169492910694
94 201.0625 57.85001701105105 0.16902802403208908 0.04863514262587792 0.39623918152056026 0.3333333333333333 1.425 0.9549931783978202
95 177.804875 80.47327033500648 0.1451989724070182 0.06599983930295326 0.6231284326144013 0.25 1.075 0.8762926723500022
96 195.92025 172.57152302951803 0.13109789860144686 0.11545611995649005 0.23696254263628544 0.14285714285714285 0.8 0.9746047991345357
97 193.12225 175.7020152156698 0.13012025442160952 0.11831360222282902 0.11479768455346437 1.0 0.625 0.975801567928173
98 185.27075 110.55782469753794 0.1367088770404864 0.08141343797442992 0.2943461608001775 0.5 0.925 0.9214697104126712
99 206.0 6.128468332327543 0.2380667948688376 0.007134866298739887 0.25 0.5 1.2 0.9793843624643508
100 181.620125 40.494873615973994 0.2037384220564233 0.04520615193865865 0.4338861978383232 0.3333333333333333 2.275 0.9343068917527694
101 193.068125 177.14940394991194 0.12858908957023799 0.11793558284049765 0.10433716702848134 1.0 0.2 0.9698620580072628
102 213.125 69.04986493118389 0.18788840476712967 0.06086079961922061 0.39623918152056026 0.3333333333333333 2.0 0.9930219093521448
103 193.075375 101.79821574900458 0.15781575095955006 0.08254100470851312 0.13839448029592502 1.0 1.075 0.9544520895212841
104 189.063875 111.47110815314305 0.13685787719924997 0.08057786104110486 0.35992297365922404 0.5 0.725 0.9303058954575883
105 194.36275 124.98149024851311 0.12787292331987649 0.08215753974886014 0.29989314067423567 0.5 0.7 0.9572728619656811
106 199.540625 116.79205172503384 0.18250569128877436 0.10682212170689011 0.4826749153538966 0.3333333333333333 1.5 0.979951374286893
107 193.346 131.70555042395853 0.12887967369019487 0.08777146621759377 0.333020107925757 0.5 25.875 0.957659887208467
108 209.775 35.63777259404758 0.20584521789185936 0.03382775156952376 0.3167943711679805 0.5 0.4 0.9852329460161745
109 212.4375 1.8169529549668932 0.24699913825864045 0.0021277659737959703 0.25 0.5 1.0 0.9831212206342742
110 188.7965 151.77342753341446 0.1343262937203818 0.1077757626780729 0.1305908765193099 1.0 25.65 0.94605178031549
111 182.555875 22.040872282968724 0.21774149350933936 0.026294132248372556 0.6875856958792272 0.16666666666666666 2.225 0.8855906561800463
112 159.811625 22.927269344512563 0.20690585786356622 0.029927910502779247 0.6317931997743953 0.16666666666666666 2.15 0.8248897956119782
113 218.0 0.9977684970777528 0.24813761923196742 0.00114352299071161 0.25 0.5 1.0 0.9986514258471425
114 164.0935 10.732877235816522 0.22806349452242422 0.015273931631787458 0.6176096146345601 0.2 2.0 0.8486707629459543
115 189.68875 180.43022917618387 0.1247281299387546 0.11863734554494883 0.19936173328718979 1.0 0.3 0.9767619877009769
116 172.6665 34.702626730145624 0.19380288781242133 0.03898787507809461 0.6462348620485163 0.16666666666666666 52.5 0.8308078991359489
117 197.5365 169.37421726525056 0.132778358142719 0.11379238440939733 0.27413563301568616 1.0 0.425 0.9712095030228532
118 192.53375 136.00807826598688 0.14393429881291245 0.10138551391588727 0.15932405191713167 1.0 1.2 0.9443736724981849
119 163.910125 49.322678079826524 0.16822325762559537 0.049859633035631894 0.3567217894605595 0.16666666666666666 1.225 0.846599247178387
120 187.9075 178.83282777293988 0.12735568148517712 0.1212003089307251 0.14262436576991208 1.0 0.475 0.9602150002742299
121 195.147625 18.71607663867332 0.22089005820549776 0.021131813334451483 0.5845216805166361 0.2 1.3 0.9624642443470167
122 195.429375 55.421428248640815 0.1921969178932809 0.05442960025616712 0.41726818099209945 0.3333333333333333 2.0 0.9315612849668312
123 214.6875 1.7566822579430308 0.2477482859143744 0.0020415722240923356 0.25 0.5 1.0 0.99260670288882
124 217.375 0.23986011668425225 0.24971081004362733 0.00027746054671784015 0.25 0.5 1.0 0.9985289308457249
125 183.277625 1.0289293655040865 0.24855385434934993 0.0013473177467876552 0.7001536138342856 0.14285714285714285 2.75 0.859965881117344
126 194.65175 65.31926925198182 0.18345238966898283 0.061593797228328286 0.2890141281413201 1.0 0.225 0.9597227619940328
127 199.650625 67.09139730932901 0.17223296875263167 0.05785036495062454 0.504195575705674 0.25 2.05 0.9519751374096604
128 198.31 132.31666513560427 0.1288373437900308 0.08592718926105908 0.30908116774506983 0.5 51.0 0.9685134838544055
129 205.61575 59.9926167698961 0.18506487357949447 0.0539443439580637 0.41386591568997577 0.3333333333333333 27.15 0.9823362708921678
130 164.494 9.673281475298868 0.23117864010494404 0.0136546618688936 0.6933606709657587 0.14285714285714285 2.5 0.8218544726598074
131 192.559625 175.24695450616645 0.1291185089664753 0.11747972361888573 0.17173927366840225 1.0 0.625 0.9637046101667897
132 206.3125 4.645764900010792 0.24138052708926533 0.005476108677645818 0.25 0.5 0.95 0.9683639367697161
133 207.588125 70.42490686085837 0.18535355263473594 0.06289082271396035 0.4138746330131674 0.3333333333333333 2.0 0.9751718109570814
134 204.570375 29.046746961767322 0.2146512375605674 0.030377109433661866 0.5926009941062272 0.2 1.825 0.9709656421572865
135 212.04825 70.39302724872346 0.18715551482478962 0.06212366790502939 0.42067487111861435 0.3333333333333333 1.825 0.9868362802911341
136 193.3355 165.0524098504406 0.13031794816936104 0.11117953664729947 0.17968416326210232 1.0 1.1 0.967239683243893
137 193.65875 183.2053916744202 0.12481410134321248 0.11804146554323824 0.14673458315129692 0.25 0.4 0.9798570605060134
138 188.254125 63.128965498730075 0.16563262613351135 0.05487915125051877 0.3036539530436655 0.5 0.775 0.9470197119330356
139 195.013875 93.9718970265282 0.1442530578011836 0.06921043441588763 0.3102665690139482 0.5 0.65 0.9527273893821713
140 194.6965 132.9151207384165 0.1263960224923843 0.08627051591236727 0.33646731986780226 0.5 25.8 0.96174243186958
141 190.974875 179.3670715690237 0.12815720613031995 0.12037847657881134 0.2181179102310958 1.0 0.7 0.9703704491142026
142 202.5625 13.327532825335147 0.22700023640038905 0.015044433404573862 0.5 0.25 2.0 0.9700397863124929
143 167.3535 31.244469592146487 0.19653160183405496 0.03684438315654516 0.6788287681130099 0.3333333333333333 2.2 0.8769092717900263
144 182.854875 154.26262223086832 0.13283733277483686 0.11191762437592168 0.15924291536608068 1.0 0.925 0.9274948931324589
145 194.875 122.17618341102005 0.1514180264180264 0.09493098944135202 0.0 1.0 0.25 0.9835905312641444
146 192.0025 125.13776834859969 0.1504735673060007 0.09807169074938882 0.02719936496410638 1.0 0.0 0.9791393724615145
147 179.9355 95.72719827435643 0.16169157746299914 0.08525067645159609 0.18914678137772453 0.2 0.8 0.8926544196267845
148 206.0 23.964829967818215 0.2253116553427346 0.024033348631881717 0.0 1.0 75.075 0.9786223403725719
149 211.38725 55.11120744871001 0.19576977352772634 0.050965885378054424 0.2777055832805644 1.0 0.0 0.9926630653298951
150 166.677125 26.487766351563902 0.2004376350861958 0.03145754475492637 0.5193552487099996 0.004405286343612335 2.15 0.8408667759205102
151 214.8125 123.30260797377237 0.1253673721990499 0.0719580080390344 0.39623918152056026 0.3333333333333333 1.5 0.9979912293809826
152 196.847125 131.2746863940797 0.12823876967021824 0.08553000994689257 0.38642467322956076 0.5 50.875 0.9678716984895154
153 193.473 125.44357213253059 0.1301004800795439 0.08431492303883828 0.34527541470793155 0.5 0.725 0.9559242878128229
154 200.25 97.50216110036332 0.15482772388681482 0.07472521090507613 0.0 1.0 0.45 0.9760476870682746
155 176.377625 14.483994268483302 0.22635007312709193 0.018705158429319923 0.40946794288665245 0.3333333333333333 2.3 0.9132610240643187
156 205.3125 10.984217346495653 0.23858537195582513 0.012859603332644059 0.5 0.25 76.55 0.966656518594609
157 199.873625 26.520488744515955 0.21274189153259582 0.028434809836102803 0.22446692369221255 1.0 0.3 0.9517019661862879
158 201.315125 55.66805924782787 0.18859604737890567 0.052074126839556624 0.40946794288665245 0.3333333333333333 2.0 0.9647984241975465
159 185.458 83.34864959006468 0.16672157873543267 0.07401012030986394 0.22286255869524949 0.2 1.25 0.8940420742567107
160 184.041875 25.02664642112517 0.21299281942469134 0.028408854309327648 0.5221964445208227 0.25 2.05 0.8929189498681543
161 181.116375 44.51942263909304 0.19115207618228214 0.04582391306060395 0.3065813330193785 0.5 2.55 0.8896081974180876
162 193.935875 113.37099517776224 0.13401744598134627 0.07819889824030135 0.31462214925115184 0.5 0.475 0.9599872922354018
163 198.95025 101.10138278618487 0.13324879977431828 0.06763718449916027 0.4094679428866524 0.3333333333333333 1.5 0.9455640585843494
164 203.465125 135.50095895692945 0.1282490308789037 0.08538802640659801 0.34045686260872476 0.5 0.575 0.9814885760015113
165 207.75 4.143424760991806 0.24321831023768334 0.004886887427554093 0.25 0.5 1.0 0.9734459816807041
166 206.5 6.1506125944006 0.24089190670526897 0.007228430900584549 0.5 0.25 1.625 0.971738563505597
167 202.074375 68.87896365485209 0.18568489444593014 0.06330074767752837 0.40505690726686383 0.3333333333333333 27.075 0.9703422678936672
168 204.24475 63.855825472430716 0.18517524843500655 0.05786218804850653 0.4138746330131674 0.3333333333333333 1.875 0.9734730337639773
169 211.92875 67.96284543003485 0.18910710877447978 0.060627745350331795 0.4050612527601375 0.3333333333333333 2.05 0.9906922460506825
170 190.65375 175.54549734182618 0.12964861133589262 0.11932566663094911 0.12511465438558464 1.0 0.1 0.9620828647905599
171 197.65175 103.78969955238094 0.1846558984309241 0.09689377313210576 0.4841808058199413 0.3333333333333333 76.5 0.9610551833201476
172 186.82975 130.96361538798047 0.139616414709507 0.09819300852721814 0.3433548198956443 1.0 50.6 0.9514242784138565
173 183.125 20.623364052456374 0.2287425444575219 0.02549603122680414 0.5 0.25 2.85 0.948929652222115
174 184.71875 24.71455591337294 0.20900012096419096 0.027909290650490765 0.5804820237218405 0.2 2.125 0.9253309297424209
175 153.40825 31.581870055723943 0.18910714945206297 0.03895308585762646 0.7955959111131685 0.14285714285714285 2.8 0.7876937358588363
176 195.915 183.37121643253835 0.1276431042277719 0.11945122648343134 0.16375316041648943 0.5 0.225 0.9858161106654589
177 184.73 37.650548877350985 0.2005158781706906 0.0406044498183777 0.40505690726686383 0.3333333333333333 52.025 0.9319599464873032
178 192.607125 170.61569878852336 0.1288314668065699 0.11407218691317428 0.1970514059638226 1.0 0.0 0.9684375811747953
179 189.5445 163.20779713040142 0.13182081252316127 0.11358907628233449 0.3893114393004143 0.3333333333333333 0.8 0.9563297241568776
180 218.6875 0.1966415231213733 0.24978436339705007 0.00022614992023889974 0.25 0.5 1.0 0.9993116223133025
181 174.45825 31.012940269208695 0.21114528952448214 0.0375003054396582 0.6462348620485163 0.16666666666666666 27.225 0.8276316700810952
182 197.5625 86.6192792098204 0.17164422241529106 0.07525567264102556 0.0 1.0 0.35 0.9728519177748859
183 176.997375 119.97220179665118 0.14335286962203025 0.09669905025124312 0.12120346379390681 1.0 0.775 0.9040141491051334
184 207.135 117.33955272891453 0.12937225325903964 0.07317335910106851 0.2668053861895767 0.5 51.05 0.9882400877478024
185 188.695125 174.4805593696304 0.12702871689987305 0.11740928281655494 0.15043739921127688 1.0 0.3 0.9636655296897203
186 195.1865 176.60065174581135 0.13069584687162045 0.11821438791548616 0.14569838709663005 1.0 0.2 0.9824869471141212
187 183.146625 121.93249196496636 0.14865647664298484 0.09849553455473183 0.11563566729943639 1.0 75.625 0.9225342140856241
188 200.6875 28.167030016792925 0.21862755394289723 0.02816702768094745 0.0 1.0 0.625 0.9749734132760542
189 199.022 141.01063184656064 0.12575906503953135 0.08910963712426914 0.3491300851406181 0.5 0.65 0.9760292759670035
190 190.6295 133.31035260913512 0.14396560444070272 0.10094668373009184 0.7665276202103889 1.0 1.65 0.9226296570037638
191 185.854125 165.49278373251678 0.12929296677245286 0.11504532989288631 0.1358079828199543 1.0 50.3 0.9432896285866971
192 185.75 15.72646017155414 0.22264913835397698 0.019011369561717943 0.25 0.5 1.3 0.9283316887665846
193 191.170375 176.72126973005197 0.12870556365849736 0.1189698904988982 0.1939807519584577 1.0 0.875 0.9712940466844676
194 204.763625 39.34130107405161 0.2093325721571194 0.03910774254412115 0.39905387536129777 1.0 26.85 0.974699112915417
195 192.901 173.64729279474966 0.13058509530739573 0.11752775245871554 0.19387886767652407 0.5 0.525 0.9651756793210647
196 210.613125 62.37322229531008 0.19213822748915835 0.05684610800457303 0.4006502171403489 0.3333333333333333 51.975 0.9879105540833545
197 200.3925 124.45303582341256 0.13519549223680483 0.08387343001683924 0.3237923282194773 0.5 0.5 0.9763392693929164
198 197.8125 33.45269955126761 0.21257864064164 0.035907633170570226 0.5804820237218405 0.2 27.5 0.9526710269410967
199 193.5285 179.25773362529335 0.12932876691691975 0.11976127241558272 0.12751217109949603 0.5 0.25 0.9778764711075328
200 182.862875 38.39951853820456 0.21472845571162724 0.044275259557724385 0.44810318017164424 0.3333333333333333 2.275 0.9298004996463286
201 213.018 71.60945903490364 0.18646586706360238 0.0626819988867284 0.4094679428866524 0.3333333333333333 2.0 0.9906174725083369
202 192.774625 106.75791550400004 0.159142654579187 0.08751543144171316 0.17307095858862961 1.0 26.175 0.9391030000254367
203 191.473875 18.18315922104342 0.2245774566824624 0.021586425007544725 0.036394165498366576 1.0 0.35 0.9431671335852805
204 185.739125 24.32654209967894 0.20754844559928462 0.027330829227704655 0.6457152968919339 0.16666666666666666 2.275 0.9456504684043735
205 163.31075 20.900856594205376 0.22225027293870903 0.028650649518970114 0.7257448393957575 0.14285714285714285 2.7 0.8129555424663537
206 198.150875 134.6436902408749 0.12829294141264908 0.08715141869053687 0.3233593391897516 1.0 0.15 0.9705504356939606
207 211.5 3.0585644187532814 0.24691316003427627 0.003596685289732658 0.25 0.5 1.125 0.9827060141709494
208 191.971625 176.98803912038838 0.12979895100594796 0.11963628254738168 0.1660534977945704 1.0 0.25 0.9714642631449568
209 193.875 83.20248940978723 0.1749774368231047 0.075092499467317 0.0 1.0 0.3 0.9782819074515916
210 197.67 185.98851668973197 0.1284537273792064 0.12083588668663296 0.13806681375917218 1.0 0.4 0.989946376785644
211 189.2715 117.66955678462769 0.14101914626068424 0.087268012164573 0.1536697374598498 1.0 0.0 0.9475303613145034
212 189.15325 142.50026481034556 0.14097287106499432 0.10595346769727189 0.14474093297992516 1.0 0.45 0.937631930871161
213 187.68725 181.28161019926412 0.1262774483103735 0.12195663140384044 0.14879938337925158 1.0 0.15 0.966485172996852
214 195.7375 115.09006813787876 0.1409254902005378 0.08270660177558505 0.2943461608001775 0.5 0.5 0.9554256668251504
215 199.822125 122.386824526936 0.13363848207931875 0.08179020194141844 0.3606778728080371 0.5 1.1 0.9715965282656435
216 205.1875 6.700602017652093 0.23753548908079336 0.007814711299582017 0.25 0.5 1.0 0.9708897394776771
217 188.6875 159.46817291928113 0.13077346899397646 0.11032764696428113 0.0 1.0 0.625 0.9567449306202044
218 173.325125 68.93779885246214 0.17113456765723542 0.06678041690569246 0.1257807267830051 1.0 0.6 0.8841834613115903
219 192.910125 176.69254874935805 0.1295050133673484 0.11859860983154553 0.18775808021643098 0.25 0.0 0.9612253997806373
220 206.875 6.670493896513166 0.2431899517956429 0.0079002408664564 0.25 0.5 1.3 0.9825910310142706
221 191.927375 176.67855125961222 0.12806096683578164 0.11783532915504963 0.15374023107659648 1.0 25.6 0.9658358757872252
222 214.0625 1.0987651474008613 0.24861101811813258 0.001285189683223733 0.25 0.5 1.0 0.988995727132107
223 198.95375 57.251110115984936 0.18690800700372084 0.05372110785743921 0.4006502171403489 0.3333333333333333 2.0 0.9552554503646612
224 157.541375 24.54542115214965 0.2017124900156907 0.03160509264469332 0.6311755146225663 0.14285714285714285 2.55 0.8105976979443509
225 201.466625 120.25902564159577 0.13723060790571623 0.08182646512994689 0.34913649887896037 0.5 0.7 0.969372078001593
226 172.1785 20.074318650924113 0.21046258811802757 0.024706579572610184 0.7018300800400872 0.14285714285714285 2.2 0.8292522863200612
227 198.807375 13.326394023043708 0.2307982799781718 0.015527499423169113 0.2326789512038301 1.0 25.25 0.956236539513266
228 213.3125 1.4273672894300091 0.24860609180649243 0.001675492242849336 0.25 0.5 1.0 0.9886184720085871
229 185.804375 172.0894936750084 0.1287208047341591 0.11912394142824527 0.09693385569467956 1.0 0.15 0.95632972415688
230 213.986 72.02397113565623 0.18646656273852455 0.06275551245254964 0.4294838795417263 0.3333333333333333 2.0 0.9941439046034372
231 180.7305 86.59603104325602 0.1652889160170682 0.0782665214591337 0.17154714793596065 1.0 1.125 0.9092100480355366
232 169.1625 9.491951043512278 0.2330266295347652 0.01316528864597531 0.5804820237218405 0.2 1.95 0.7960346873278805
233 204.720875 67.00913829155374 0.18435856141001344 0.06033517167212898 0.41387463301316735 0.3333333333333333 2.0 0.9669492300565161
234 206.921 70.41565691769019 0.18378839156194096 0.0625526971344947 0.4216836414362793 0.3333333333333333 1.95 0.9700897660460933
235 188.511625 155.10891932093935 0.13563231170169282 0.11139671129621848 0.10583934260732078 1.0 0.0 0.9544423194020164
236 190.33575 65.76905259116012 0.1653170640128802 0.05644998973285628 0.2935197365674477 0.5 1.0 0.950367286585643
237 196.228 50.885863215756984 0.19560744132679236 0.0505940406447938 0.40946794288665245 0.3333333333333333 26.875 0.9372655750041746
238 187.214 70.87581639310282 0.15520043393607147 0.05921168364663241 0.43353546180823865 0.3333333333333333 0.85 0.9394964079756917
239 218.8125 0.15088834764831846 0.24978452967551198 0.00017341336050063344 0.25 0.5 1.0 0.9995002498750625
240 218.8125 0.0625 0.24992812113235005 7.18788676499778e-05 0.25 0.5 1.0 0.9995002498750625
241 211.5625 7.782684577622362 0.24131271686129668 0.008940216132895872 0.25 0.5 1.05 0.987910554083355
242 195.31425 53.17520723038433 0.19585122668646965 0.05321408671422914 0.41287463301316735 0.3333333333333333 1.8 0.9388395989213326
243 204.625 13.579979769764469 0.22439275931544095 0.014997121055298678 0.5 0.25 2.25 0.9757538464691032
244 205.935625 47.780986235354646 0.20296818601232178 0.047272253151733806 0.18248890839248139 1.0 100.0 0.9819687858879155
245 182.352875 38.19357865534704 0.19287738125906873 0.040348840107586506 0.41387463301316735 0.3333333333333333 2.35 0.935051631880541
246 198.679125 80.43854222509434 0.15683228104579028 0.06304809280432026 0.33972152511521514 0.5 26.825 0.9652959160479551
247 175.34475 28.874687870758393 0.20005069124287517 0.032673099774273164 0.4206836414362793 0.3333333333333333 2.5 0.863338249578696
248 188.494625 89.04922404198106 0.15031550711519487 0.07066478917280779 0.31581732901393356 0.5 76.625 0.9469547085099569
249 169.9705 53.156160066229205 0.17037170972639798 0.05234878247122135 0.311078186961709 0.5 1.925 0.8871417524468834
250 172.4815 38.14459530121465 0.21916754693740625 0.048419921405815546 0.5125982222604113 0.25 1.95 0.9032810452550353
251 184.330875 36.437548863709 0.18715828879944885 0.0370481751770303 0.6744431181215277 0.16666666666666666 2.5 0.9010524705580467
252 205.6875 86.16323384354386 0.1626426985185712 0.0677447573121922 0.25 0.5 25.7 0.9836112006399442
253 193.99475 126.01680358008979 0.13138119366842815 0.08528823226075244 0.31978030562165055 0.5 50.925 0.9491652642217946
254 185.375 26.22306567097744 0.20649293958069642 0.029442283936169843 0.25 0.5 1.775 0.9033464407942363
255 183.001 108.1464909797615 0.15286623699295837 0.08975010251426634 0.16900919099727835 1.0 26.65 0.9089380059494276
256 168.51675 8.001350489308555 0.23211737278352498 0.010685056167145646 0.6747904160363134 0.2 1.85 0.8156463080645946
257 165.363625 23.508671274280264 0.20757545704203442 0.029738507651380384 0.32174609049165226 0.3333333333333333 1.2 0.8537746063700057
258 202.9925 33.280606351252366 0.21086623422014192 0.03343945075161263 0.2308161269241501 1.0 0.1 0.9656190670049288
259 186.02125 174.0425692202148 0.1270751379099631 0.11886657361837039 0.21520019006125163 1.0 0.475 0.954320953537861
260 204.4375 56.52358918264598 0.1967396750153428 0.05264251994778289 0.0 1.0 0.15 0.9812619970999474
261 193.668625 181.5584218528733 0.12886487114010822 0.1207874916421064 0.1490965942084641 1.0 0.2 0.9768585597563877
262 202.75 27.485484652226518 0.22151492792300087 0.027507890422072682 0.0 1.0 0.7 0.9707195230171871
263 181.375 34.76961406611512 0.19118295830529772 0.03662888178332933 0.40946794288665245 0.3333333333333333 2.325 0.9175810468835263
264 200.436875 20.747119071922874 0.2240324467713615 0.023657325489193262 0.11934322176693897 1.0 0.075 0.9723878607152253
265 189.709 52.21917819286609 0.1868665603600001 0.051305083716730183 0.5126040396421825 0.25 2.1 0.9287859757069782
266 196.3075 108.61225342442252 0.1374443299507954 0.07589440675356854 0.3344477698591485 0.5 25.9 0.9444788855355971
267 198.543 29.601244951926777 0.21416304246034332 0.02955932011558329 0.03201672174728484 1.0 25.5 0.9651854494403336
268 189.114375 25.364606335204492 0.2114734925169936 0.02838245345790633 0.01040559008056961 1.0 175.575 0.9489623499917064
269 197.818 127.72800851745363 0.1310286606926648 0.0846438196830041 0.4366146923581185 0.5 50.9 0.9698143365481909
270 197.20925 165.30274384109364 0.132771138282064 0.11120216851073145 0.18533159283005407 1.0 0.125 0.9830994221212087
271 199.25 63.947992032057186 0.18355283119982366 0.058893786360050854 0.39623918152056026 0.3333333333333333 2.05 0.9527014664361628
272 188.599875 66.99324475360957 0.162550616105986 0.0573402697192716 0.4315496308090709 0.5 0.7 0.9528758073295868
273 201.084375 142.09326246364415 0.1273386269634646 0.08993065436315811 0.27729444267276904 1.0 0.0 0.9855245283408164
274 218.625 0.2985953551952283 0.2497124845294001 0.0003434031362716148 0.25 0.5 1.0 0.9992173085324225
275 180.574125 43.90078012714335 0.2004086565951548 0.04855779876014843 0.2729716664218935 1.0 1.225 0.868480044342552
276 204.45625 59.00781442539393 0.19031470228167927 0.05486236982540563 0.4006502171403489 0.3333333333333333 2.175 0.9693341266617891
277 202.1975 140.4730140189404 0.12690158879539712 0.08815734785773252 0.32666079590158165 0.5 0.5 0.9809140523342286
278 208.50975 68.25627122728558 0.18421073705036498 0.06044815505856243 0.3749991377437917 0.5 0.45 0.987268768718465
279 183.980125 42.321350277418844 0.1816447226770697 0.04181067819576629 0.6642284864404423 0.2 2.05 0.9123396847685766
280 211.6875 2.2960632360960744 0.2472790721877876 0.0027016040144459286 0.25 0.5 0.925 0.9854118034586672
281 188.983375 57.08790894303648 0.17010907040616752 0.05094844733881136 0.3416496556648407 1.0 1.05 0.9442109678824347
282 209.79175 15.504393231175127 0.23160542678857973 0.016526914256480185 0.18275527023917904 1.0 0.25 0.9878726027435497
283 203.7275 69.07355007091759 0.18128936854388636 0.06147851539845568 0.4270859597328762 0.3333333333333333 26.825 0.9746795726768824
284 192.379375 35.99050994313971 0.19466210348336738 0.03646784480592569 0.5845216805166361 0.2 2.45 0.9378942028380042
285 164.904 25.859475281480616 0.2168864964410227 0.03364201289996802 0.5966261508430889 0.2 2.875 0.8590396331564218
286 216.9375 0.7341894798715574 0.24891679941301306 0.0008482927739269593 0.25 0.5 1.0 0.9969353666900324
287 204.8125 70.00830960399396 0.17237629215758116 0.05890827331353636 0.5 0.25 1.6 0.9761885931709623
288 212.138125 75.94341677964346 0.1659364698482923 0.059408024373557876 0.5084026930947882 0.25 1.75 0.9889198244524972
289 155.477625 15.791662110642031 0.2263354845028644 0.022494238562083112 0.6300806862731144 0.2 2.7 0.7842334363240842
290 199.522375 122.37057342450821 0.13709980135957908 0.08399353338608666 0.331243416958674 0.009708737864077669 0.55 0.9724735335141015
291 197.95775 65.84776990520011 0.1734383272039646 0.05755280435340353 0.026444477461942915 1.0 0.3 0.9689850527588064
292 193.0335 175.32108089941087 0.12790510071208214 0.11615436259411438 0.202935644384574 1.0 0.85 0.9617153797863071
293 188.8735 118.39339046312679 0.1490918255477016 0.09304088150633495 0.1902548984079964 1.0 0.85 0.9407138461451356
294 218.0 0.5828070497910548 0.2491369952548669 0.0006706437741576148 0.25 0.5 1.0 0.99734080303409
295 207.2595 65.05565343688868 0.18809579875777632 0.059013720406976174 0.4226836414362793 0.3333333333333333 2.0 0.9823742222319727
296 207.62375 65.20134858571656 0.1894736648431948 0.05947517273942364 0.40946794288665245 0.3333333333333333 2.0 0.9755111147407964
297 194.02375 183.50596519201397 0.12760292102120588 0.12066725615136639 0.15714077597939397 1.0 50.15 0.975086138158203
298 194.826375 178.2851822444759 0.12819858695221695 0.117295741348086 0.1931212095036022 1.0 0.1 0.9728605587568877
299 218.8125 0.0625 0.24992812113235005 7.18788676499778e-05 0.25 0.5 1.0 0.9995002498750625
300 199.3125 33.01728228247086 0.21046726504751848 0.03486513440598823 0.0 1.0 0.45 0.9743413980304317
301 217.6875 0.3405931089239487 0.2493512535436743 0.00039281754185669585 0.25 0.5 1.0 0.99762374437673
302 166.0825 22.665081887381298 0.21909062463960752 0.03020602190498253 0.6095116765583131 0.25 1.175 0.8441102666729718
303 196.31825 106.00909614075834 0.18568407037202928 0.1002138033350565 0.4758583875329465 0.5 0.2 0.9672017319040881
304 176.711 73.0885436733181 0.15437477331397792 0.06333906553136948 0.32852466008962145 0.5 1.725 0.9019478869077775
305 153.78775 25.35328597707927 0.20882068201043943 0.034013495967231466 0.7535652839416125 0.14285714285714285 2.0 0.8277808250496598
306 198.408625 64.98559134038878 0.19689426650952185 0.06377830820390848 0.378405408147117 0.3333333333333333 1.125 0.9733862318278358
307 204.056875 124.97969664515692 0.1351825540625029 0.0827290728683023 0.33709953026562706 0.5 0.65 0.9841759541879593
308 192.433625 178.90234619503258 0.12892050826398832 0.11981722471206945 0.12511465438558464 1.0 0.3 0.9680235038487351
309 192.4235 126.97465202515079 0.13242221022724798 0.08733424925792635 0.32378030562165055 0.5 26.25 0.9524835285165998
310 213.25 1.9632766774921755 0.24838690496766866 0.0023032377131306132 0.25 0.5 26.15 0.9899475059229099
311 186.40875 153.56929208332298 0.13698191172575958 0.11271304207569031 0.19059746204107123 1.0 0.5 0.9476344452146498
312 191.3375 157.86375250955408 0.13687496028841104 0.11278269648916278 0.1721873722431847 1.0 0.225 0.9562072291554614
313 195.8025 113.16000973049304 0.14418763861547162 0.08318328708280232 0.32073859092570733 0.5 0.825 0.9640709660337794
314 204.9375 2.613844525980927 0.24614200231475986 0.003163672511627314 0.25 0.5 1.1 0.9591136743987382
315 195.874 62.988210251289175 0.18347974810264328 0.05846478486350469 0.5088611597093288 0.5 0.875 0.9474089954503503
316 191.8805 122.68202017880381 0.13148265875377044 0.08402756968398367 0.3692776532474368 0.5 51.35 0.9502102276562127
317 178.555875 68.1455197413302 0.17277490611372306 0.06579887561777409 0.43273250662722185 1.0 2.075 0.9137055408854452
318 191.734625 42.33666692384867 0.20514564177999986 0.045070828322753734 0.40946794288665245 0.3333333333333333 102.15 0.92740057935158
319 183.6905 53.385416264582126 0.1932751700889584 0.05609328538186441 0.42268364143627934 0.3333333333333333 1.95 0.9354679674811333
320 200.687 137.97141972505904 0.12643929278127727 0.08691071788482543 0.32378030562165055 0.5 50.75 0.9765572073124781
321 198.975625 142.70487257321 0.12573689133985727 0.09017217675768686 0.3057047165332271 0.5 25.675 0.9833369002793064
322 192.43 53.05713294864243 0.1757827130355907 0.04835135135362558 0.5125982222604113 0.25 1.675 0.9442868705620447
323 186.763875 61.700629461854334 0.1610174299372954 0.05277496276015714 0.42508595973287616 0.3333333333333333 1.675 0.9127853307269742
324 190.120625 21.41108633094259 0.22325172518873437 0.025426002153669552 0.1329735261780153 1.0 0.375 0.9431096420069387
325 207.4375 8.218153582508236 0.23821550927781412 0.0095064299039575 0.25 0.5 1.25 0.9737093827848096
326 196.363125 181.35002243026648 0.12876975638243213 0.11886493540505214 0.11181310426834362 1.0 0.0 0.9865988021330363
327 216.5 1.1231763983737217 0.24855493344272406 0.0012984988735601048 0.25 0.5 1.0 0.9971424053530626
328 194.46925 74.82149467043088 0.16971771664591143 0.064744418713764 0.3503011025028523 0.5 26.275 0.9567903938047493
329 208.9375 42.038753951678196 0.19850365617884458 0.039916542188865575 0.39623918152056026 0.3333333333333333 1.0 0.9793020770772666
330 173.351375 41.83429923902222 0.1841168356189096 0.04457498966325905 0.6013028731723882 0.16666666666666666 77.15 0.8597066044461822
331 157.54975 6.997514757770817 0.2350899423002769 0.010233847450785085 0.7335675291786335 0.14285714285714285 1.875 0.8408513601149116
332 196.049375 152.57195510324846 0.13926345853577987 0.10821332580011332 0.16848086812284666 1.0 0.6 0.9686359788558233
333 192.481625 174.14694632595348 0.12990842573673955 0.117487689131594 0.1597309850119763 1.0 0.0 0.9656938405472729
334 152.401375 21.30149615275124 0.2179340024494098 0.030706369879963412 0.6725737409111916 0.2 2.225 0.8565656763404875
335 173.917625 157.04296188943653 0.1273203073046418 0.11489746968484053 0.17885936439150207 1.0 0.05 0.9060608710639535
336 189.76825 172.30870376082194 0.13002493948987273 0.11800815204631213 0.21228721013888888 1.0 0.475 0.9548781952411391
337 187.03125 37.626180992645274 0.20571906353479863 0.04146173709128857 0.6462348620485163 0.16666666666666666 2.1 0.9179312499237683
338 199.978875 117.00473233026274 0.13700858181883996 0.08008162775763747 0.3663760991547368 0.5 25.65 0.9708897394776759
339 192.278625 146.36187738855145 0.12907827569328037 0.09837415340587617 0.3382346139531797 1.0 0.675 0.9668256059178333
340 188.08725 14.121037641288572 0.2274723621108092 0.016806856010288748 0.5885613373114317 0.2 2.75 0.9161329053795818
341 203.125 13.557595148601104 0.23255484486334854 0.015637359612210713 0.25 0.5 1.3 0.9715108554667679
342 206.027875 110.85010713486409 0.12946630388451769 0.06961795524020642 0.4094635973933788 0.3333333333333333 1.5 0.9800456880677748
343 181.5715 6.125151691024765 0.23872240109363127 0.008109546577386238 0.7018300800400871 0.14285714285714285 2.45 0.8557781234188195
344 194.162125 44.64117377616126 0.20477084422318043 0.046929028321153865 0.4138746330131674 0.3333333333333333 2.1 0.928647327878819
345 204.3125 7.975058040183868 0.23637725740750284 0.009295612955607038 0.25 0.5 1.0 0.9673914886031144
346 196.8525 146.72046778911118 0.12224822788281725 0.09112545513285701 0.2908363857958506 0.5 0.5 0.9789898253768234
347 193.20625 150.41647832252377 0.13078205676556862 0.10241427275595678 0.03536013563545517 1.0 0.025 0.9761224606106185
348 183.989375 45.39567238398931 0.19735652770527487 0.04850546298055903 0.40505690726686383 0.3333333333333333 2.275 0.9074387555746164
349 192.883125 121.61912852353929 0.14838692093710007 0.09356729582873773 0.05384678575704085 1.0 0.5 0.9645534341947105
350 212.0 3.033003889160449 0.245337699108108 0.0035352195564209926 0.25 0.5 75.95 0.9815937890389241
351 210.96625 93.5056602482611 0.15650680870210448 0.0691454394210119 0.2227768264849172 1.0 0.0 0.9965765226677826
352 190.624875 117.44222667569719 0.1353590735880375 0.08344833024955753 0.2390193248869139 1.0 0.375 0.941715604669539
353 195.33 133.42867943337274 0.12845987272699944 0.08785159454355886 0.06491041612112021 1.0 0.0 0.9622530812510502
354 192.0 15.368180503829418 0.2332339177140067 0.018824753821653703 0.5 0.25 2.075 0.929522074852748
355 195.1875 79.39540093630904 0.163146456232405 0.06551080996014377 0.0 1.0 25.475 0.9662033607914792
356 192.077375 49.71171009554793 0.19373297705547232 0.050017710282104624 0.40946794288665245 0.3333333333333333 2.1 0.9525744548856881
357 194.532375 61.946991544982524 0.1878867861142785 0.05982558495744783 0.41828132313968236 0.3333333333333333 1.95 0.9482296382577341
358 183.432 34.410991408275244 0.20580228568873327 0.036952830971905146 0.2678053861895767 0.5 1.3 0.9344489269927212
359 190.285625 173.82900186773367 0.13024390781168238 0.11890737825650044 0.13356462090414695 1.0 0.2 0.9597727417276323
360 202.1875 46.81033451604802 0.19804686118921683 0.043955574568506524 0.0 1.0 0.0 0.9767815279395158
361 194.8805 129.38383868506722 0.13018662041313314 0.08639437805329563 0.3237923282194773 0.5 0.7 0.9574907998852421
362 193.29525 154.37852615790374 0.12558926464764283 0.10038052632034627 0.36793721609656643 1.0 0.3 0.9625630746769611
363 204.125 19.209233798483293 0.21477713799902698 0.020348998232433187 0.25 0.5 1.525 0.9767999390407862
364 195.881875 36.097757194881325 0.20958904640331869 0.036258408065780144 0.053267474891981054 1.0 0.225 0.9661285872491338
365 202.00275 62.77173122601086 0.17628205763934116 0.054769194728262506 0.40945922556346076 0.3333333333333333 2.0 0.9762806486773139
366 179.075375 39.65629293544703 0.18379968312078382 0.040571727939944326 0.5896052215709098 0.3333333333333333 1.95 0.9139505308882768
367 180.354875 138.69515352474312 0.14085758338823573 0.10814299635729051 0.23462383709658277 1.0 0.5 0.9151138648911712
368 186.3445 161.48844505812852 0.13114719451806497 0.11361237405255452 0.22429568152624396 1.0 0.9 0.9468908342241409
369 206.25 4.167863989670803 0.24316962099931339 0.004951003157798795 0.25 0.5 1.075 0.9754059017033851
370 215.1875 1.769808758636016 0.24718039792536656 0.0020472436707916035 0.25 0.5 1.0 0.9922955803256425
371 182.85025 136.2645026962006 0.14318624854874337 0.10644880667007296 0.2034744695290051 0.25 0.65 0.9255706661750536
372 195.805375 127.64459330157896 0.14122256376999923 0.09170719208398981 0.17829645736942548 0.5 0.35 0.9721624109509239
373 194.4375 100.17329934367932 0.1418547488862347 0.07281655150913133 0.25 0.5 0.6 0.9612133713868372
374 215.75 0.6198199648096222 0.2492727895027159 0.0007211833357373212 0.25 0.5 1.0 0.9940311797212872
375 212.8125 75.1597708693547 0.16721079827177074 0.05905403787506226 0.5 0.25 1.725 0.990862462511172
376 200.711875 46.71415023396538 0.1872184030334 0.043470968295824156 0.42267926960636126 0.3333333333333333 2.025 0.9679941934909347
377 208.168625 57.70049719888152 0.19524579828201408 0.05417404859436178 0.12964956945401568 1.0 0.0 0.982272396606354
378 211.16275 69.2664225465856 0.1852197741339717 0.060751475088788115 0.4216836414362793 0.3333333333333333 2.0 0.9886552942111274
379 194.943125 45.809705758059835 0.19992398463529423 0.046802809638878076 0.4006502171403489 0.3333333333333333 26.9 0.937585338549355
380 215.4375 2.983001609339456 0.24590531558164858 0.003428660249078604 0.25 0.5 100.9 0.9924939780066697
381 201.063625 69.492234805093 0.1689632787383732 0.058373030380733056 0.39864916683493723 1.0 0.25 0.9612535810011759
382 206.5 67.9407637727756 0.18670278938180404 0.06142121770250647 0.39623918152056026 0.3333333333333333 2.0 0.9756899721832892
383 171.166875 43.28484012094421 0.1997111706053465 0.04811632088724891 0.11417181491906223 0.14285714285714285 1.55 0.864845011798247
384 188.501625 174.23397853279175 0.12990514474420334 0.1200242596453181 0.13700610489647938 1.0 0.175 0.9554722591469574
385 188.88225 154.61061912120292 0.1318757573372763 0.10783601734640244 0.21816503911533341 1.0 0.85 0.9416678832104662
386 184.69325 149.69243178990365 0.13781013947723175 0.11143532661441628 0.0996526617179042 1.0 1.1 0.9336989332947389
387 204.8075 17.53447803036555 0.23050882453484378 0.01992725987260031 0.24990933116431507 1.0 0.0 0.9812229166228716
388 189.921875 28.33483037499019 0.20281281873392562 0.030250993877540693 0.5 0.25 1.6 0.9497134728269465
389 185.1875 36.68178940126394 0.18596637063770158 0.037099597222426936 0.25 0.5 1.65 0.9243055065465465
390 207.8095 67.59795963740287 0.18212611115779295 0.05940841899373768 0.3171028212077319 0.5 0.425 0.9819417338046418
391 199.252875 45.61683305522787 0.18659769061461004 0.042672374340722095 0.40505690726686383 0.3333333333333333 1.975 0.9659279312935778
392 190.715 108.75360519346756 0.15858714877016905 0.0897521009301216 0.1016447336205556 1.0 25.875 0.9420158279761853
393 214.02625 70.63006865582913 0.18750275254626989 0.061879447072697845 0.4094635973933788 0.3333333333333333 2.0 0.9937384682593797
394 189.5915 126.4490251009352 0.1440968089198387 0.09580838659869328 0.21193882884409482 1.0 1.2 0.9229896301632822
395 190.846 35.04555395312011 0.21346619693060262 0.03668079653472739 0.10727273669288732 1.0 0.3 0.9615808563910954
396 200.1875 38.58812394362344 0.2079841860856788 0.040079500638107876 0.5804820237218405 0.2 2.375 0.9536727854655004
397 199.0625 7.181245611553033 0.23787995581196225 0.00864964115648942 0.25 0.5 1.0 0.9486925661801312
398 195.779625 117.32303357567919 0.1833846458850869 0.10990325901721915 0.45864139655743014 0.3333333333333333 1.675 0.9689850527588053
399 195.356125 52.274641276024994 0.17657977526382887 0.04712564659088517 0.5126040396421824 0.25 27.15 0.9389339127022125
400 196.1875 155.47297411352622 0.1337269430296708 0.10578502026674731 0.1338651552829442 1.0 0.0 0.9728312483990864
401 184.374125 114.16146356463611 0.1519975843029971 0.09350571575656938 0.10383975272559726 1.0 0.45 0.9374962783386839
402 193.798125 27.177906010931473 0.2193554663753224 0.030814038875037555 0.5966406509010228 0.2 2.425 0.9555804674800422
403 197.1875 9.702058810873972 0.2302855831475244 0.011419128423436977 0.5 0.25 26.675 0.9419042322313003
404 189.76425 28.654547626435352 0.21215244095691005 0.0320804242123598 0.6810112206592598 0.16666666666666666 27.275 0.9322721981877374
405 206.82375 68.92158121191073 0.17635408490755802 0.058866765322348344 0.24813972860745392 1.0 0.3 0.978009865365484
406 199.5625 5.284845803819572 0.24197879544829276 0.006459554928254205 0.25 0.5 1.3 0.9515122094872637
407 191.83525 163.90080390422284 0.1307034773732929 0.11160373382587056 0.1893650199730559 1.0 0.15 0.9715379075500383
408 209.07675 115.39586893140569 0.12783611675589612 0.07053609380443084 0.4226836414362793 0.3333333333333333 1.5 0.9859960972452171
409 186.56875 26.20826884793151 0.20127325047321315 0.028188170283822266 0.5804820237218405 0.2 2.2 0.914913208935607
410 190.9375 25.185818765795478 0.21405872052303487 0.02845458495661088 0.5 0.25 1.625 0.9309833738877558
411 210.169125 121.39781124870527 0.12511407680959663 0.07225878551319091 0.3324163863505628 0.5 0.3 0.9902304472655493
412 191.21175 174.14494107934854 0.13067888764682398 0.11900507010881034 0.1680465256423816 1.0 0.5 0.9678521582509788
413 206.70875 62.60139211527933 0.1895503700705321 0.0576455205019032 0.21462323609230424 1.0 0.0 0.9805183861094392
414 195.3275 144.90424629596748 0.1382674172312777 0.10233589216382154 0.17727640491947047 1.0 0.5 0.9735932704908644
415 218.1875 0.15088834764831846 0.24978386281268736 0.0001739337763144718 0.25 0.5 1.0 0.9993116223133025
416 198.875 12.68157554642159 0.23233999721772408 0.014930444393746786 0.5 0.25 1.55 0.9540759635350294
417 171.207375 17.79951364792361 0.2248399601982459 0.023019436190735872 0.6418917459651732 0.2 2.15 0.896392014817855
418 201.625 56.81280621201227 0.1846726832468602 0.05196962261668465 0.39623918152056026 0.3333333333333333 2.05 0.9635343937063018
419 209.856 122.62469228292345 0.125574600471998 0.07328345885996196 0.09528466587305745 1.0 0.0 0.9916072026389445
420 188.530875 173.82118296637915 0.1300115964219982 0.11982404363835168 0.12503284305010454 1.0 0.15 0.9534927988857417
421 197.703 142.12051517547195 0.12483985482291335 0.08974653366465721 0.3322253120135853 1.0 0.0 0.9753874906021128
422 199.47625 142.14512522027957 0.12582405048998904 0.08967117494834057 0.34743721841383457 0.017241379310344827 26.1 0.980272266969338
423 189.325 167.240995124799 0.13105717288484445 0.11568968568357686 0.1530821825648831 1.0 0.175 0.9598182049121754
424 209.0015 71.64277082290322 0.18350288664825506 0.0629147145300866 0.41727695130976433 0.3333333333333333 51.95 0.9831016803957393
425 197.67175 131.85402223862184 0.12691869276445086 0.08465386128144883 0.3748527181026794 0.5 50.875 0.9632612224829274
426 206.180625 66.44393073283241 0.18703181947533626 0.06025903463670951 0.4006502171403489 0.3333333333333333 2.0 0.9683075743286408
427 195.375 14.262887371243222 0.23073052814427575 0.01697843149491407 0.5 0.25 1.5 0.9500584222969947
428 185.4375 13.159180927153258 0.2323782489142142 0.016637690460349002 0.25 0.5 26.475 0.9424167477711868
429 180.16675 28.30090896762647 0.19975976531257575 0.031460058790297896 0.6462348620485163 0.16666666666666666 2.425 0.864375701168375
430 187.18125 30.85464288863462 0.19489901931876857 0.03208659817075707 0.5804820237218405 0.2 2.5 0.9398984569079544
431 201.273375 144.35712411266456 0.1245316607267508 0.08931644445827476 0.29934650412815733 1.0 0.15 0.9872687687184637
432 161.065625 11.906364234107244 0.22762026082453007 0.01704807739755048 0.4050612527601375 0.3333333333333333 3.275 0.8733437592178631
433 195.4815 137.82016747850304 0.12379364882995228 0.08727665369164592 0.34513008514061805 0.5 25.65 0.9577932814664175
434 175.002375 109.0451204753532 0.15196456240068323 0.09419917055336229 0.2484493860214164 1.0 1.175 0.9156470498068554
435 202.9315 141.07944709803525 0.12701719697707878 0.08829658557810854 0.3313220109181493 1.0 0.075 0.9902390882475516
436 196.3405 100.25153908608758 0.1426088064963485 0.07258944990567939 0.3404477698591484 0.0053475935828877 0.6 0.9645132245803771
437 192.293 23.946422382242627 0.21774786059195578 0.025574016051628533 0.184186767049761 1.0 0.3 0.9337955053501494
438 192.5625 15.149965641581435 0.2224225980743081 0.01763784629989381 0.5 0.25 2.125 0.9505938654872074
439 198.77125 83.25746067024532 0.15587696570140633 0.06489274167605733 0.2835875028520688 0.5 25.8 0.9631484976007785
440 176.85725 17.33030631417682 0.2154257626256964 0.021250422237485765 0.7018300800400871 0.14285714285714285 2.275 0.8655995220452876
441 210.625 6.753150015143554 0.2424635031638089 0.007830014418992835 0.25 0.5 1.05 0.9836296117412147
442 194.875 37.085573930893645 0.20797758804695837 0.03957905435527604 0.0 1.0 0.2 0.9715303957053008
443 175.548375 21.249949940311687 0.21442001046605358 0.026032719025554776 0.7182843428781172 0.125 1.85 0.9191896347286915
444 194.920125 61.262402215346604 0.18872000581818374 0.05928522069492014 0.40946794288665245 0.3333333333333333 26.95 0.9346627404793394
445 183.50475 112.56368150456774 0.15427536599618694 0.09411441209540139 0.17035000368324418 1.0 125.65 0.9159908701396288
446 194.075 34.411864905789855 0.20474634235724862 0.036053078102347265 0.009405590080569608 1.0 50.8 0.9563188249003455
447 195.881 134.51025823005492 0.12894190825715196 0.08852665382890712 0.35724220250767363 0.5 50.9 0.96755080580707
448 171.347625 20.030462919877362 0.21598291459792382 0.02506222393148327 0.625570792227415 0.5 1.475 0.8775033356958427
449 193.125 40.3910857866273 0.2056709265175719 0.043015000837728766 0.0 1.0 0.0 0.9656851995652705
450 202.181875 107.2363682061818 0.18800363869410888 0.09964527399999588 0.44661863130791546 0.5 0.55 0.9827894286952968
451 203.4965 88.36453729941422 0.18406716724680153 0.0807476358210676 0.449963836694043 0.3333333333333333 0.75 0.980045688067774
452 172.979125 13.653161483892672 0.22784154840141704 0.01785455943961375 0.6462348620485163 0.16666666666666666 2.4 0.9049321009890718
453 213.9375 0.7942627457812108 0.24904741322179585 0.0009312168110178274 0.25 0.5 0.975 0.9907399675097548
454 192.38175 161.6051731925558 0.12327347617331572 0.10356051881738128 0.28779930063838777 0.25 0.0 0.9655627045638522
455 214.4375 1.3939307630587374 0.24846841341936646 0.0016266228692129133 0.25 0.5 1.0 0.9908061000700972
456 193.458125 106.11547865968201 0.14050986631471504 0.07685446318530824 0.29989906554150203 0.5 1.05 0.9474003544683482
457 213.0815 21.942105805944156 0.22816490241842216 0.021227375652239627 0.23918166595455415 0.3333333333333333 1.0 0.9941439046034374
458 191.4375 15.822148475427923 0.23028978724943744 0.019191342313766627 0.5 0.25 2.05 0.9382053254011817
459 214.125 2.757591875226764 0.24781456917168992 0.0032141869836618616 0.25 0.5 1.0 0.9908906437317099
460 172.573125 54.714312930987575 0.1646031207469266 0.05147968381941808 0.31594585570846384 0.5 2.15 0.8872665057228293
461 198.6865 119.21208186547739 0.13566760637015005 0.08127985309297565 0.3115713927407429 0.5 0.6 0.9722653657138072
462 187.426 147.78781452424133 0.1387672411828621 0.10966433871836731 0.23075720095140878 1.0 0.5 0.957273991102945
463 204.375 2.097617564009025 0.24620612624040042 0.0025465859931471345 0.25 0.5 1.1 0.9559081349860826
464 175.385 65.55001999072118 0.16716378722503414 0.061260516911624506 0.10541917113137295 1.0 0.975 0.8980344295698902
465 200.89725 74.73376212604417 0.17395860702905067 0.06482020783122229 0.31409398599717736 1.0 0.4 0.9676646598264864
466 218.4375 0.29284735751768554 0.24964043899508342 0.0003369967073877831 0.25 0.5 1.0 0.9993116223133025
467 197.2545 79.07225970831676 0.1614799115969064 0.0641206853722344 0.1281499934812015 1.0 1.75 0.9704711456025572
468 194.7475 112.27252637872655 0.186402903524302 0.10747133952398334 0.4848621499976501 0.3333333333333333 1.5 0.9687389336187056
469 197.86775 135.02273758976494 0.12929285394859438 0.0882153984883036 0.33446731986780226 0.5 75.975 0.9695986569031582
470 186.77125 112.97351871702645 0.1540726931419132 0.0927046601779657 0.19894341415315347 0.5 1.2 0.9349043430703806
471 215.563125 46.28100010232479 0.202595784802651 0.04351541708365703 0.5885613373114316 0.2 2.025 0.9960106399825026
472 192.01425 164.36503757400178 0.13421208964683284 0.11484676107649787 0.21988909134347578 1.0 0.425 0.9689362021624678
473 174.89225 22.8895161680444 0.20670284067277156 0.02649851599716723 0.5241964445208226 0.25 2.45 0.8749061468573394
474 185.838 175.9199592909327 0.12592389215478914 0.1191762012896032 0.20062152046826162 1.0 0.5 0.9436864239487514
475 216.6875 0.7951157829544361 0.2492038001639029 0.0009208306270059013 0.25 0.5 1.0 0.9961808564429925
476 200.7225 93.88851338415668 0.15114841461842923 0.07037443291251232 0.2785101373986526 0.5 0.5 0.9765560781752147
477 215.969375 71.87482040406094 0.18732111056444262 0.06233624740821862 0.4094635973933788 0.3333333333333333 2.0 0.9979912293809824
478 194.546 171.58889443608118 0.13161935896407806 0.116006550839507 0.14591760508759513 1.0 0.575 0.9721342297303851
479 195.5055 133.59465854847446 0.1274105833773474 0.08704321705096052 0.3344673198678022 0.5 25.775 0.9632330412623903
480 194.4375 68.85179294903766 0.16158856938288726 0.057549992887293004 0.5 0.25 0.5 0.9600598075032103
481 179.302125 51.38120688032164 0.1987148361368054 0.05713630773052593 0.39623918152056026 0.3333333333333333 1.775 0.9078764975721464
482 195.763125 180.5327264955393 0.12507308479589657 0.11529864885247608 0.15225504777211402 1.0 0.075 0.9837509776053663
483 168.048 16.9861120169708 0.2238447673972273 0.021618694906091862 0.25970646095998007 0.125 2.025 0.8600350089733622
484 203.188125 113.51717414500298 0.12733877992448986 0.07109899645137363 0.3504115447023309 1.0 0.35 0.976924692316732
485 196.41375 183.13951150845165 0.12908882808144076 0.12033371958380855 0.10433716702848134 1.0 0.2 0.9846659341936287
486 206.88325 60.083685284986146 0.18919586115221035 0.05489708753703662 0.4378978499356728 0.3333333333333333 52.05 0.9769442325552665
487 211.22875 76.86719031106136 0.174504653797628 0.06335156533949289 0.40421250110065193 0.5 0.35 0.9892688983554795
488 173.106 29.822734217649238 0.19623612060558318 0.033810302800747864 0.6540525616158828 0.16666666666666666 2.0 0.8293747813214786
489 211.54275 70.8379810212662 0.18584097405376832 0.062230537649567465 0.4050612527601375 0.3333333333333333 2.0 0.9872980790762671
490 179.60625 44.08309143083749 0.19391134587208977 0.04774117353151868 0.5804820237218405 0.2 1.55 0.925970456832782
491 187.492625 160.6309340744718 0.13316598543174774 0.11394329782072583 0.1315114417130387 1.0 0.2 0.943827330051439
492 172.87075 33.886462356289094 0.20470823173059166 0.04022159243684365 0.7018300800400872 0.14285714285714285 2.625 0.8190600152775428
493 183.5 19.03192156476426 0.23058417109466864 0.024132065685917834 0.5 0.25 2.2 0.9377856023887967
494 212.5625 12.529028137588329 0.23543268574325213 0.013972385853541491 0.25 0.5 1.1 0.9939736881429478
495 208.3125 8.10800671777557 0.2341514575102392 0.009178576959514004 0.5 0.25 1.5 0.9834496251614578
496 206.912625 63.36112642973869 0.1902725512698381 0.0582434959758829 0.42508156124512936 0.3333333333333333 2.075 0.9741343593674014
497 197.4525 121.67234763010757 0.13125170791205581 0.08079925076301288 0.3142335620039902 0.5 0.8 0.9704072713167444
498 174.963375 26.93388666870068 0.19811593507217823 0.030437822899938155 0.5885613373114317 0.2 52.125 0.876346776516541
499 199.625 57.96131358670439 0.19298444940188142 0.05596443481829065 0.39623918152056026 0.3333333333333333 2.25 0.9594702601464591
500 191.198375 58.86167169925352 0.1765492519025993 0.05363565686813733 0.24838749081780448 1.0 0.625 0.9360004153756653
501 170.25 18.341255917440417 0.22572121246246604 0.024568466515369546 0.25 0.5 1.75 0.8650520504612779
502 174.525 19.48923000196716 0.23110914352044545 0.02597304887384197 0.5804820237218405 0.2 1.9 0.9160370703453067
503 193.456625 11.761400038396726 0.22880438550554266 0.013595515009900657 0.5038035890630287 1.0 25.825 0.9579871625983816
504 212.287 70.96319713242634 0.18735365164294046 0.06263260020407879 0.40946794288665245 0.3333333333333333 2.0 0.9907963299508297
505 202.210125 97.49591352428553 0.1424376790081297 0.06845129067706755 0.31307818696170897 0.5 1.25 0.9696159388671642
506 213.5 1.035456124485795 0.24897227061073762 0.0012161927890580184 0.25 0.5 1.0 0.9912115364141546
507 200.94675 60.35840934805835 0.17257902411776826 0.05175812860185065 0.5325875028520685 0.25 1.925 0.9632416822443944
508 173.4985 116.8292067608147 0.14628433589850556 0.09797283482944885 0.13399132773735034 1.0 1.425 0.8685818699681701
509 175.75 48.81568642990585 0.19207650273224045 0.05335047697257471 0.0 1.0 0.0 0.9101813670648712
510 200.506 75.45223500186553 0.1582477349101398 0.059583042237733426 0.5084026930947882 0.25 1.875 0.9618281046684589
511 193.338125 193.13457254828472 0.12498489469122612 0.12485242502149226 0.08847944349823123 1.0 0.35 0.9900125093459862
512 195.875 29.326408136355262 0.2016573404529981 0.029967537444739574 0.39623918152056026 0.3333333333333333 2.05 0.958101016617803
513 180.964125 24.741715848911742 0.21111953592942234 0.028921116692929044 0.7286477399529481 0.2 2.35 0.9131460409076314
514 175.22825 18.294459086797072 0.22280054568363875 0.023571383738649292 0.5945019948539763 0.25 2.4 0.9110061343051978
515 172.295625 19.22865045120903 0.21324737461357487 0.02400042929063187 0.5339957208818755 0.14285714285714285 2.075 0.8839275720522194
516 187.325375 177.43971534501344 0.12588959985727663 0.11923694707209916 0.21840428343327573 1.0 0.2 0.9522851308355716
517 212.150125 76.21066947439853 0.16574514765110188 0.0595458206685657 0.5167995688078055 0.25 26.775 0.9871192216337742
518 194.7665 119.40818945857838 0.1373810803759207 0.08412389888563021 0.3251996758922855 0.5 0.7 0.955867925371748
519 184.1875 40.344103293794845 0.18799746318440771 0.04124356991862974 0.5804820237218405 0.2 2.05 0.9154618096568904
520 206.75 4.466885388684087 0.24222906682478987 0.005272561088653846 0.6462348620485163 0.16666666666666666 2.275 0.9674685204199884
521 174.4285 43.52039210234895 0.2180489590878412 0.05440372580682797 0.5167995688078054 0.25 26.675 0.8918833644368809
522 209.583125 120.14392363767035 0.12561180045682815 0.07202610600593201 0.37889925603548946 1.0 0.3 0.990862462511172
523 196.47175 110.83762963586027 0.13465471260368878 0.0758120802741326 0.3085057322117306 0.5 126.775 0.9572349106258758
524 199.610625 176.17576929308333 0.1282278019640931 0.11310074938471971 0.13954877969680335 1.0 0.0 0.9899745580061818
525 196.2375 175.7033020320175 0.13041900547976978 0.1167219981082723 0.12774436782285115 1.0 0.25 0.9823178597908965
526 196.237125 178.72086194416718 0.12986185880262874 0.11824509046866077 0.18263408094053546 1.0 0.3 0.9862681393313234
527 196.39925 102.33835456930838 0.15925430591338607 0.08221417591323725 0.07245638093946415 1.0 0.0 0.9512965298422291
528 191.326 147.89064081911755 0.1401320796341154 0.10807655178255991 0.18227661809660806 1.0 0.25 0.9467878794612586
529 214.35325 70.46499690220818 0.18785333906789345 0.061752338245650025 0.42268364143627934 0.3333333333333333 2.0 0.9956431549782498
530 199.875 13.129007411713859 0.23503861691400618 0.015558696741776344 0.25 0.5 1.0 0.9494947978862432
531 176.889 11.997774513197532 0.22645603199948305 0.015510062357244912 0.6322574282666578 0.3333333333333333 1.525 0.9021733366720697
532 160.134375 22.089989103205472 0.21121885021563205 0.02928180955919616 0.7594992052930578 0.25 2.925 0.8470554002771937
533 175.359 16.680843518010104 0.21626391681679308 0.020735698470691268 0.6657747653948052 0.16666666666666666 27.65 0.8433384744619262
534 184.797125 154.2096212632971 0.13478298378293363 0.11230651834200213 0.14478114672311182 1.0 0.3 0.9424299053022448
535 212.25 70.63411585272216 0.18655943030769734 0.06208392514209784 0.39623918152056026 0.3333333333333333 2.0 0.9917676489801673
536 190.3125 98.79892243771904 0.16266025641025642 0.0844435234510419 0.0 1.0 1.025 0.9526244346192879
537 203.974375 42.53538562550173 0.203102473012754 0.04237014243316598 0.5885613373114317 0.2 1.8 0.9706533904568448
538 209.463125 66.3813923584246 0.18794392128991805 0.059538971199229164 0.4050612527601375 0.3333333333333333 51.975 0.978425071828809
539 172.66375 30.184282169784513 0.19981222589913877 0.034959542894192265 0.5845216805166361 0.2 2.625 0.8970120016696791
540 197.754 127.59290681400019 0.13046265571988974 0.08413003398676537 0.325878962586801 0.5 76.375 0.9690034638600765
541 213.0625 43.67227822262005 0.2055399803530418 0.04213790152707307 0.5804820237218405 0.2 2.15 0.9901079522641324
542 167.229125 10.339335954603815 0.22869547444259106 0.014384154619340613 0.6462348620485163 0.16666666666666666 2.525 0.8570699430144801
543 162.740125 44.183699869289484 0.17664121921777695 0.048043914510442896 0.690760053183715 0.14285714285714285 2.65 0.820215445319583
544 200.193625 96.09095208921197 0.13665610956328458 0.0654778430037353 0.41727695130976433 0.3333333333333333 1.75 0.9633544071265446
545 189.1355 193.86294205857433 0.12147200466858557 0.1245151686591156 0.10484195927756776 0.3333333333333333 0.0 0.9842886790701083
546 207.375 9.45517985016824 0.23184418485695474 0.010645979782847438 0.25 0.5 1.5 0.9754156718226524
547 194.266875 164.51695868224147 0.13127245977146418 0.11108232282132778 0.2030514059638226 1.0 0.25 0.9727455756002081
548 218.5 0.44495575850533153 0.2495687267941001 0.0005117266572112031 0.25 0.5 1.0 0.9990286809706624
549 197.66825 128.60971392751304 0.1534344915068449 0.09936649401224598 0.15532832185671985 0.022222222222222223 0.35 0.9725494361937117
550 190.1785 169.07347890472113 0.1304344650162833 0.11591269131048362 0.2030514059638226 1.0 0.05 0.9551893178043166
551 163.5535 21.25951840614989 0.21648701740603635 0.02829706027974705 0.7318950267982385 0.14285714285714285 2.625 0.8431430720765731
552 189.7265 51.05249947058056 0.18491633162975782 0.049670846184590015 0.41828132313968236 0.3333333333333333 77.725 0.9316142599961135
553 191.65 120.11252534738246 0.1334418122450363 0.0835391829085888 0.3176835774321189 0.5 0.65 0.9429600949222496
554 190.1975 140.22229810141005 0.13951802233972452 0.10262028049297463 0.17044076679847775 1.0 50.5 0.9585725855222008
555 183.52075 77.43981283339075 0.15100283842812093 0.06324578534615087 0.29196977610989205 0.5 0.975 0.9380046694456251
556 171.115625 117.12226330373804 0.1464458451997299 0.09970314513404377 0.11347984563583904 1.0 1.35 0.8595961378385618
557 189.186625 168.59452638115664 0.13035186391762468 0.1164868468030473 0.4964450775720914 1.0 1.125 0.9571221857437242
558 191.75325 183.52097582408712 0.12767376227909472 0.12220206256361604 0.20946192713487988 1.0 0.0 0.9684289401927918
559 214.195 121.56157806096785 0.12608019568994847 0.07154594323364187 0.40505690726686383 0.3333333333333333 1.5 0.9967369690090049
560 211.024375 71.91953757771553 0.185902786494395 0.06337007776183813 0.4182813231396823 0.3333333333333333 1.95 0.9882216766465324
561 199.22 132.77682344985493 0.12865881371089904 0.08569436943579757 0.2943461608001775 0.5 0.675 0.9732562249816789
562 179.375 33.026824194225874 0.20560342169593274 0.03744647687992914 0.5 0.25 2.475 0.9194000608035224
563 197.92525 67.45232608040469 0.15762206179159607 0.053338639832874055 0.42809324000030785 0.3333333333333333 1.8 0.9567915229420144
564 181.793 35.26089348832214 0.2173111220036295 0.04257174107411059 0.48521947405141064 0.25 1.9 0.937598103964295
565 207.5 24.260488415693665 0.22240850838236118 0.02611389265751224 0.0 1.0 0.1 0.9818658311250325
566 206.048125 67.75770319324276 0.17819920163449324 0.05871886381541107 0.2594055900805696 0.5 0.325 0.9860795117695658
567 208.13925 67.47667975436782 0.18151249641281864 0.059073226774955655 0.28270306227025876 0.5 0.55 0.9856849746820399
568 200.079375 108.7276503409853 0.1288392396794001 0.06999008883458337 0.44507110631952973 0.3333333333333333 1.55 0.9680126045922047
569 196.005 33.94676888629089 0.2150988784155118 0.038002600475663124 0.14818945372506975 1.0 0.2 0.9665013258235965
570 194.4375 61.564828461405185 0.17191644562334216 0.054433977419456395 0.0 1.0 0.55 0.9632980446854651
571 212.320625 52.642788314950025 0.19800760318201838 0.048691964241239734 0.254088985025727 1.0 0.0 0.99564315497825
572 211.785875 122.33127308349326 0.1249706445386729 0.07218671317316282 0.42708156124512936 0.3333333333333333 1.5 0.9915031187387974
573 186.287 47.02378657072699 0.21700998369928495 0.054779353441143416 0.5241964445208226 0.25 1.75 0.9435646659684753
574 190.720375 173.89877865363397 0.1295237661723673 0.1179996087720255 0.10890728660194686 1.0 50.175 0.9698988802098033
575 203.505 99.76859667357886 0.15344887973642007 0.07488020994306484 0.29309743477170114 1.0 0.05 0.9751522707185468
576 208.301375 44.1783917638919 0.19609322234922785 0.04140905453999244 0.5084026930947884 0.25 1.4 0.98549634712028
577 204.828125 68.99492504052364 0.1849344972784534 0.06229874529896652 0.4006502171403489 0.3333333333333333 1.85 0.9614997001412751
578 208.125 3.4948875671503536 0.24308730545207982 0.004112194349633876 0.25 0.5 1.15 0.9744552520498464
579 204.193625 67.85160302578609 0.1686993447497615 0.05602982584869862 0.5084026930947884 0.25 51.675 0.9694663917824738
580 180.9375 65.4404458092106 0.17566747572815536 0.06353441340700058 0.0 1.0 0.25 0.9205720357884148
581 176.1725 53.52265687159711 0.17607036171782278 0.05256332487162746 0.33413588585885423 0.5 1.175 0.8678089486198602
582 185.94225 44.08715094529252 0.18847523260042248 0.04355434691414217 0.34278437362475156 0.5 1.9 0.9378246828658663
583 188.846 122.6139759514396 0.15040457039859473 0.0972431181050734 0.20468659998696936 0.1111111111111111 0.325 0.9425708114049337
584 195.618375 150.79412371939515 0.14055831234959681 0.1080936249054954 0.09655703691748109 0.25 1.05 0.9779219342920767
585 194.8125 20.97087968343744 0.21521828866053405 0.023340911663487642 0.5 0.25 1.85 0.9562992846618158
586 180.65125 33.27821474344733 0.20655828698441742 0.038237988045660184 0.6037876534122009 0.25 2.0 0.9277342374489685
587 192.552 89.5014580125604 0.16839609743174316 0.07871909110707824 0.6462348620485163 0.16666666666666666 26.525 0.9690380277880807
588 199.77625 108.95560151314578 0.1417742814353859 0.07710930412058781 0.2765159901570058 0.5 25.6 0.9679953226281984
589 158.59275 24.593778893422257 0.20883356582321444 0.031708068751027954 0.4510553787341023 0.3333333333333333 1.8 0.8293886758736821
590 172.89475 57.537463712817214 0.1945410854403265 0.06503518222359628 0.4006502171403489 0.3333333333333333 1.8 0.9076401485513095
591 198.87725 138.57441089111717 0.12658109138558074 0.08819526556041483 0.352779348933345 0.5 101.025 0.9724367113115607
592 204.0625 8.319281848994738 0.2343114448667832 0.009623411019850599 0.25 0.5 1.45 0.9715683470451073
593 190.45 112.77291713304614 0.1444608520711236 0.08507012379327002 0.09562334046508109 1.0 0.425 0.9598343577389182
594 183.381 89.51482266537313 0.14697003734822042 0.07142493637725408 0.3318235098812279 0.5 1.325 0.9252009228962733
595 207.75 4.452162228486488 0.24101583296911405 0.0052031168203854 0.5 0.25 1.675 0.9718242363044739
596 172.468375 24.778413012253477 0.2011431307907874 0.02926330433984186 0.45184957799510017 0.3333333333333333 0.8 0.915342309951148
597 214.2035 21.26651131176135 0.22882223289342254 0.020898836943093278 0.12284589568502895 1.0 0.275 0.9958979151003522
598 175.20575 25.40288717482785 0.2029723536596224 0.029339683801719765 0.4536361231072236 0.25 2.25 0.9116663307713575
599 187.713875 93.89761634394637 0.166696479748282 0.08258462860240365 0.15498335944831546 1.0 1.65 0.949838226102903
600 207.6875 4.405785117360009 0.24386347318477647 0.005211801159478069 0.25 0.5 26.325 0.9719749125264291
