0 165.15625 33.74233470255675 0.20582518701989938 0.04215685799387882 0.5 0.25 1.95 0.8603416149874782
1 207.023 69.37683685665759 0.18470600299551382 0.06190254816253251 0.4348817993505763 0.3333333333333333 2.0 0.9673644365198408
2 164.544 65.69882425754486 0.16938209812246477 0.06616916051993951 0.06771663278931701 1.0 0.725 0.8871101838145482
3 218.625 0.36729971709401976 0.2497124845294001 0.0004224174040460053 0.25 0.5 1.0 0.9992173085324225
4 175.745 42.97293669232154 0.18935960993243597 0.046075693766153586 0.5157937514260343 0.25 1.975 0.9043500654770551
5 203.971625 121.5592339644967 0.16832687792939385 0.10029492620013479 0.46910489152267987 0.5 0.575 0.9778016975651885
6 215.125 1.2354529755303596 0.2489801550839638 0.0014400482138822053 0.25 0.5 1.05 0.9904006637260396
7 174.255375 55.622416819185204 0.1630197177169611 0.05202307654525371 0.5845144669212023 0.2 2.2 0.9176858678048101
8 192.612625 126.33312056906881 0.149883585291586 0.0977895255085804 0.064389868920631 1.0 0.875 0.9473330927707416
9 200.125 100.6231708794561 0.15574366415827295 0.078975198030681 0.25 0.5 25.65 0.959244810382158
10 180.375 25.202821010450148 0.21799403140271598 0.030729169440892837 0.25 0.5 1.3 0.9099807111093193
11 188.140625 105.26674439470159 0.15622833072944384 0.08780860922598742 0.5 0.25 1.525 0.9390312217787546
12 193.98875 56.54823172551044 0.18499245077871398 0.05388276106046305 0.39986388485634305 1.0 0.575 0.9480594217972442
13 195.4375 9.548745185689004 0.2359281100419257 0.011621106498601019 0.25 0.5 1.525 0.9435996220126115
14 153.833375 25.94030645426494 0.19408469174228654 0.03269393420773141 0.6462348620485163 0.16666666666666666 2.7 0.7749538635952997
15 213.0 5.09096563246798 0.2424072168687903 0.005834656298229614 0.25 0.5 1.0 0.9828382792916341
16 195.791875 145.6901035732539 0.14354450361295132 0.10654746648810734 0.10928764108344066 1.0 0.25 0.9619862927351516
17 197.054375 205.63271192100967 0.122293346886426 0.12762856747697912 0.053065148334913784 1.0 0.075 0.9922380887473015
18 193.129375 174.21347714327823 0.1281732503011765 0.11551448140174808 0.0571069923148802 1.0 0.475 0.9607233913811715
19 203.75 68.37438964795848 0.18669180762959564 0.06265392915638615 0.39623918152056026 0.3333333333333333 2.025 0.961008590998341
20 193.289125 183.43158580470836 0.1268377206896398 0.12031899991367828 0.10062334046508106 1.0 0.35 0.9596111662491454
21 194.35075 180.87409714149211 0.12893002209833093 0.1199683186898198 0.17824884877139177 1.0 0.5 0.9549161465809439
22 185.27375 6.0819304799097855 0.24077853716900915 0.008147981765637052 0.5748169391615727 0.2 2.125 0.928187395252095
23 214.720375 66.82073327362983 0.18989737171785603 0.05907429470273212 0.4260859597328762 0.3333333333333333 2.075 0.9909567762920521
24 178.71875 34.92230661155307 0.20817006933688306 0.04112375750689751 0.39623918152056026 0.3333333333333333 2.2 0.9051598090278944
25 205.740625 196.4197565182571 0.1264067321095302 0.12067095106053265 0.12274912379973876 1.0 0.3 0.9950675021737019
26 190.49475 170.63749330840253 0.12978811427862427 0.11621047095825549 0.16521054728035167 1.0 0.225 0.945552030190552
27 198.75825 169.15068987626793 0.1315941596005116 0.11186725212444103 0.10919506316310638 1.0 0.1 0.9662683642145558
28 195.875 28.075141231301956 0.20334854793518056 0.029350054662960066 0.25 0.5 1.4 0.9611265694507015
29 167.932 82.03352247427176 0.15252768974675188 0.07362686541585552 0.08786189701666322 1.0 1.0 0.8327125858548184
30 150.0985 22.88308171225411 0.199949492496341 0.03074234742283564 0.67302152289792 0.16666666666666666 2.05 0.7622248905882945
31 211.4375 70.60510001476813 0.1715599951326958 0.0574580937405988 0.25 0.5 0.25 0.9864308439470766
32 167.32425 35.90878157056437 0.21423089748585306 0.046169156350664986 0.6540525616158828 0.16666666666666666 2.8 0.875461867307228
33 167.5285 51.44635616029425 0.1716186211487101 0.053040329740850864 0.47010252491690113 1.0 1.225 0.8591005121465536
34 160.375 30.715064828817138 0.21028099937766315 0.04002249194357992 0.39623918152056026 0.3333333333333333 1.6 0.8207531467843234
35 195.051125 104.67665835950102 0.14171268917479796 0.07583106215601938 0.27719644452082276 0.5 0.6 0.9546309469637775
36 148.9365 38.782602336181355 0.1851118746903026 0.048360811805892426 0.6924083910275985 0.3333333333333333 2.425 0.7622801238921034
37 176.23325 24.507995287089436 0.2189382328641147 0.030828419526599336 0.5774412766554774 0.2 2.5 0.8955540900464692
38 186.43875 117.62645913522964 0.14502218817310977 0.09100224016020501 0.08852766571298692 1.0 0.2 0.8998688592954718
39 148.394 41.82424183041122 0.17475102387024347 0.0492398005061504 0.761077883937464 0.125 3.425 0.7932394457133668
40 199.501 137.45922126762477 0.12758409480337402 0.0878981445511879 0.34607719959372396 0.5 26.65 0.9587266491559496
41 202.268125 194.78442667975676 0.1267627162369106 0.12205645989107065 0.06937025839039221 1.0 0.2 0.9873728526186115
42 196.1325 127.49953617453149 0.13463961212283027 0.08718518814498166 0.08178432200397558 1.0 0.9 0.9599493408955975
43 200.004 106.84482322746834 0.15314878916315758 0.08121989851875 0.10703780117673631 1.0 0.2 0.9703400096191379
44 168.86675 20.27445679315413 0.2095312308818491 0.02512274036141724 0.6501393662600723 0.16666666666666666 2.9 0.8028891538370537
45 207.0 64.38252403629153 0.18282823681847324 0.056840796673287036 0.39623918152056026 0.3333333333333333 1.8 0.9736909716835391
46 195.6275 101.55815885863349 0.15353962963709478 0.07901954272540626 0.07617507862761062 1.0 2.075 0.9597791244351078
47 181.5025 57.92844169204248 0.17991578710359604 0.057331566393776026 0.584521680516636 0.2 2.375 0.8835341641019547
48 216.9375 72.52093071254183 0.18722853565853817 0.06259065683771635 0.39623918152056026 0.3333333333333333 2.0 0.99762374437673
49 143.716625 22.17910954443195 0.21111185635949142 0.03236787465746683 0.6257754808408891 0.25 2.225 0.8237489971432986
50 196.9375 18.66498754963147 0.21608181887895983 0.020629977297934317 0.25 0.5 101.15 0.9391041291627024
51 199.76475 127.47330668666727 0.12952363112150916 0.08279810576451296 0.319520540914519 0.006329113924050633 0.3 0.9571360802959199
52 169.609375 33.86875931810941 0.18957071050123772 0.03735233623616345 0.5 0.25 1.375 0.906371601511012
53 189.55275 151.29229082015175 0.139093931966249 0.11082037978424847 0.17451480071962472 1.0 0.55 0.9250720451873807
54 196.98375 177.6596672387595 0.1302283036119828 0.11736803723447599 0.1057467646869865 1.0 0.575 0.9649306893182305
55 152.471125 21.421152068243405 0.20368171061027238 0.02903847443036952 0.5126040396421824 0.25 1.95 0.7952843015137864
56 196.078125 190.05060426315012 0.12616752373116877 0.12227871774313315 0.1537230393581448 1.0 0.225 0.9649968218785724
57 186.900625 138.5460881486264 0.1429493415104147 0.1056638803484363 0.11815522729060869 1.0 0.35 0.9195932049143386
58 172.6325 62.372758073225775 0.16173282573192288 0.05845953753677441 0.5845216805166361 0.2 2.45 0.8278278094875939
59 173.718375 42.07597611623543 0.19494862025389528 0.04724533052986313 0.5339432769673232 0.25 2.3 0.9052323242957134
60 153.862625 55.42723378642663 0.18508367318687363 0.0653114060487281 0.2603003142438908 1.0 0.7 0.8275565044226242
61 195.516875 77.10013908465483 0.1706337218030535 0.06614400658991212 0.04696977610989199 1.0 51.775 0.9571676489282686
62 203.375 7.275498132983157 0.24018220779459884 0.008658100467928819 0.25 0.5 1.2 0.9553324821815355
63 181.7605 35.76521397894381 0.19791021494521738 0.03903186252760601 0.6462348620485163 0.16666666666666666 2.725 0.931834064074085
64 214.0575 70.75270787072078 0.1875886784399235 0.062001852838554194 0.40505690726686383 0.3333333333333333 2.0 0.9880623594425743
65 198.3635 112.6611561976453 0.18513628216862552 0.10512321972439057 0.4466758036855074 0.3333333333333333 101.525 0.9666835706778814
66 150.562625 36.21293813820723 0.19430996799445416 0.046792213951411726 0.7018300800400871 0.14285714285714285 3.475 0.7870192527243483
67 195.23125 124.03640666443289 0.13204851018178795 0.0838331018372849 0.35805997421239233 0.14285714285714285 0.625 0.9515208504692654
68 199.455625 123.95593206390683 0.1314610850727638 0.08162154331008911 0.31707222000567326 0.5 0.7 0.9666542603200798
69 192.544375 137.47070894307612 0.14029239781871736 0.10023248619674349 0.4589997365569353 1.0 0.0 0.9058181393356504
70 207.24075 146.59002724657557 0.12617184545685603 0.0892468964746831 0.30851168151178465 0.5 0.5 0.9882032655452616
71 203.148375 137.5224846474062 0.1277318298164039 0.08643978318617072 0.32881748605859396 0.5 0.5 0.9691368581180252
72 198.506875 187.80333203638486 0.12815530911193593 0.12122208632475256 0.16597963999873916 1.0 0.225 0.9733223575420201
73 179.040375 116.96344168729202 0.14496487893726648 0.09416256699993536 0.04496977610989199 1.0 1.175 0.8940386868449184
74 163.015 54.33595862246363 0.16151184144321729 0.05311036233397756 0.37318509236212344 0.3333333333333333 1.6 0.8786892052329526
75 207.104 146.05129838280067 0.12541247506956815 0.08844289401695449 0.30470494030259165 1.0 0.075 0.9875712502996389
76 171.792875 25.43531701266879 0.2038029715809218 0.030281792769705163 0.5168053861895766 0.25 2.05 0.9127079067939757
77 169.3125 53.18053572274888 0.19135962686351848 0.06008954951686785 0.39623918152056026 0.3333333333333333 1.8 0.8714620001493246
78 217.625 0.9410717598266827 0.2492791659527716 0.001085455778074223 0.25 0.5 1.0 0.9984627982853825
79 191.744625 169.47201708411944 0.13094307348774242 0.11563952211197111 0.112369238396318 1.0 0.375 0.9414228932076326
80 183.9655 107.29035213450776 0.13184367999029944 0.0767701864656928 0.31694585570846384 0.5 1.65 0.9333085206401599
81 205.565625 142.46431107097195 0.12752970350625895 0.08837920032830349 0.34045686260872476 0.5 0.725 0.9793866207388784
82 168.959125 23.663924020334665 0.2172525679628501 0.030180919131060305 0.6579657569716935 0.16666666666666666 2.45 0.8910138710331654
83 188.239875 131.90040699889855 0.14346354027414054 0.10016861313842466 0.1155818851110192 1.0 25.7 0.925363627512024
84 196.414125 176.1557326251319 0.13005537024935843 0.11661001802842376 0.19951292668031437 1.0 0.0 0.9640525549325075
85 174.875 35.35354678101829 0.19120594048806877 0.0383623801105092 0.5 0.25 1.4 0.8928569417407585
86 199.130625 134.29265006987984 0.12925853605122722 0.08712708786104884 0.30851168151178476 0.5 0.75 0.966665159576611
87 163.1935 42.2650658539384 0.17815243648411083 0.046401602024156476 0.552447460827162 0.25 27.075 0.8697782466456803
88 199.810375 178.86435573633872 0.12898683817369871 0.11541384540986485 0.1181825418039236 1.0 0.0 0.9731716813200656
89 208.0 43.5154788854806 0.20734004348097393 0.04128866579481805 0.0 1.0 0.225 0.9863267600469297
90 189.449625 37.95473532095932 0.19763561155593085 0.0394261164962535 0.4050612527601375 0.3333333333333333 2.275 0.9164537980620265
91 200.20125 191.77322734742552 0.12628205056023328 0.1209592723514495 0.11227528767622638 1.0 0.0 0.9737950555836856
92 198.184375 21.225310341644537 0.2226988873902047 0.022134459509241894 0.005203517833875258 1.0 0.025 0.9619040073480687
93 170.37125 46.854410011362496 0.17764446737249448 0.04895093781784902 0.6109740389576606 0.2 2.05 0.8478426082938387
94 172.4375 40.566906736642856 0.18673759981968924 0.04377854139185311 0.5804820237218405 0.2 51.825 0.8123280437697917
95 178.611375 60.15342447226764 0.1634564571222122 0.0551404649920041 0.4050612527601375 0.3333333333333333 2.0 0.9012031467800053
96 202.977375 186.2854247804375 0.12923294039617833 0.11858570418915192 0.1617622488042318 1.0 0.0 0.9869381059167508
97 199.841625 170.28863114099133 0.13213296998105112 0.11245181526448014 0.08379232821947732 1.0 0.125 0.9718415182684791
98 208.596625 145.14061707168713 0.1270774291142283 0.08841670623505064 0.30540586674162074 0.5 0.5 0.9938414230222617
99 211.125 3.892596498099056 0.2443178114348684 0.004537151521261798 0.25 0.5 1.375 0.9851190919967601
100 197.0185 119.04485219751359 0.1359515409745925 0.08201913623456013 0.29196683182612315 0.5 75.75 0.9474957973864924
101 201.187375 189.8195781204771 0.12815549401167442 0.12088729766958625 0.08943562692728005 1.0 0.4 0.9835439389423363
102 213.75 68.05623435913978 0.18844340597722709 0.059978497729059284 0.39623918152056026 0.3333333333333333 2.0 0.9909004138509772
103 183.48125 10.725131132755829 0.23111258011051145 0.01328487854460538 0.5804820237218405 0.2 2.225 0.9264236146359117
104 156.18425 32.157617351367485 0.18472502423915224 0.03808972403646011 0.6871277055857095 0.16666666666666666 2.55 0.7846941059719463
105 186.0 29.325454624678677 0.2123364401890432 0.033606826681473224 0.39623918152056026 0.3333333333333333 1.775 0.9256443105801367
106 205.196625 118.53806681856457 0.18374069895381115 0.10614048561211868 0.451862520464558 0.3333333333333333 1.5 0.9829694152750534
107 189.6975 115.75705603732447 0.13782461465240803 0.08398444795112502 0.291969776109892 0.5 51.05 0.9262601729990163
108 191.40775 187.93910720566888 0.12430783317568736 0.12202460648484965 0.10158747699164938 1.0 0.45 0.9489386853202293
109 208.8125 2.886669243605743 0.24476008960930706 0.003408640443515151 0.25 0.5 1.05 0.9701840798269735
110 153.3875 22.620096128406068 0.19980034807312286 0.029411505222294472 0.7166530708173301 0.16666666666666666 2.925 0.7759435937259072
111 171.91675 20.53944930133567 0.21192251061195014 0.02526750580389018 0.6462348620485163 0.16666666666666666 1.8 0.8218601183461454
112 191.375 18.552147829523467 0.21394935778504642 0.02090052636628368 0.25 0.5 1.2 0.9306440701040406
113 217.75 1.5295780333683742 0.247284326240731 0.0017489831275674815 0.25 0.5 1.0 0.9982741707236226
114 193.844625 178.3928498412247 0.12820463690203637 0.117928272485234 0.153863121175102 1.0 0.0 0.9529171460811943
115 199.449125 189.44794523314508 0.12715428902275125 0.12076914710632598 0.15200533723096513 1.0 0.0 0.9763208582916453
116 197.63275 127.15429625119995 0.12898917661717993 0.08292750082996116 0.32492777191329625 0.5 50.75 0.9493061703244826
117 163.38175 78.12619378186966 0.1673103634556424 0.07882089020504006 0.06876731267171274 0.16666666666666666 0.95 0.8374335284690286
118 167.794625 25.24340380294497 0.2032343604198599 0.030536211772354875 0.6618702611832492 0.16666666666666666 2.4 0.8872120094401569
119 195.4705 181.5050636948857 0.12884832250002043 0.11961361633100578 0.150394480295925 1.0 0.075 0.9641566388326553
120 196.999625 184.25936127722787 0.12846448833725554 0.12014216289018809 0.14239448029592502 1.0 0.5 0.9650152329798424
121 198.9375 119.90177566171626 0.15581801875352888 0.09406800389827487 0.22045984199053575 1.0 0.4 0.9711520114445175
122 167.778625 30.20638191577431 0.2041411249208998 0.03640534419125253 0.40505690726686383 0.3333333333333333 2.25 0.8297802176655362
123 211.6875 4.002928496453635 0.24511624425972606 0.004668495527752037 0.25 0.5 1.075 0.9862129060275151
124 205.956 128.3295753897922 0.12916805475257 0.08041740089747196 0.325789322596112 0.5 0.85 0.9806961144146673
125 189.491 52.67704065051369 0.19992728579559124 0.0558771967494671 0.7018300800400871 0.14285714285714285 2.55 0.9190911965148709
126 177.58725 38.40685605533067 0.19747841643139957 0.042827881027033936 0.08145989348957736 0.3333333333333333 0.525 0.9235291977864359
127 169.16875 42.51141397883781 0.2004027638927697 0.05017847075945311 0.5084026930947882 0.25 1.95 0.8448279547174731
128 197.963125 126.31965911418321 0.13081744255952144 0.08340830102823925 0.2983432044496045 0.5 0.95 0.9529171460811955
129 196.50025 49.008641097667336 0.17767152557266092 0.04432502817538632 0.41386591568997577 0.3333333333333333 2.375 0.9654075117928415
130 170.5875 5.816873504822997 0.23938456030250596 0.008219431676211737 0.5804820237218405 0.2 2.3 0.7987881980746706
131 198.673125 183.59567603578978 0.1283343763062138 0.11855540332106666 0.11314231151612725 1.0 50.425 0.9659681409079103
132 197.8125 10.84859976014726 0.23081749449871677 0.012757291928290867 0.25 0.5 1.0 0.937426021345397
133 205.113625 69.51380521205989 0.18524107261485637 0.06278933047245051 0.41727695130976433 0.3333333333333333 1.8 0.964139356868651
134 194.3125 13.468375420256933 0.23455704270261737 0.016584144937008816 0.5804820237218405 0.2 26.525 0.9411204116264585
135 211.116125 70.05717449318475 0.1870811693644692 0.0620728821214985 0.40946794288665245 0.3333333333333333 1.8 0.9818669602622966
136 198.483 164.37233340498446 0.13096707627156434 0.10833639489437231 0.15215807073667115 1.0 0.2 0.9673242269055061
137 199.17 195.08394921501372 0.1240670359922417 0.12151483447808568 0.11365734708471742 1.0 0.0 0.9813378997795561
138 167.155125 34.77679433552204 0.19086868630728845 0.03973322526376856 0.5111158604397947 0.3333333333333333 1.975 0.8974422318224772
139 183.93175 54.238954235749624 0.17509410787883967 0.05070656029979908 0.2986579684550348 0.5 2.0 0.9151777391769859
140 194.957 129.37738879093354 0.12705228912538016 0.0842764057156802 0.311078186961709 0.5 25.75 0.9463824431172025
141 198.310125 193.57337622834115 0.12576436112740833 0.12272603311389593 0.0996526617179042 1.0 0.15 0.976481304632868
142 180.161625 40.5416685082016 0.18580974259890087 0.042037486666938136 0.5602895040000161 0.3333333333333333 1.8 0.9288930549027973
143 150.890625 32.213715765399876 0.19857553972594935 0.042362559210854085 0.7499884583165597 0.125 27.55 0.7896979899287944
144 155.145 52.86951036290304 0.1904805751391722 0.06441190633599553 0.06371663278931701 1.0 1.575 0.8176776142178308
145 199.348 126.69326351667326 0.13624450220302053 0.08681145579273036 0.05034616080017752 1.0 25.85 0.9756313514676845
146 138.570625 24.382403464795075 0.19419976974056913 0.034372820668836845 0.6648077675510958 0.14285714285714285 27.4 0.792756977552439
147 177.230125 69.2760574501317 0.17614168509270053 0.06739582786200353 0.07257139274074297 1.0 1.675 0.8734091547570564
148 198.025375 19.379910946200063 0.22457669293074867 0.02065454503387698 0.1399775982430794 1.0 0.4 0.9585932548980015
149 211.0 19.743387605132767 0.2237512487835708 0.020467225254492915 0.0 1.0 0.025 0.9920592313048102
150 153.015625 54.33060496954469 0.16016000824197602 0.05664728682622764 0.5 0.25 2.275 0.8117531279863888
151 216.8125 124.74435885237902 0.1252180992779338 0.0720432249489015 0.39623918152056026 0.3333333333333333 1.5 0.9987457396280225
152 196.590875 143.83067118124652 0.12364062238734627 0.09046904706919008 0.31422458244543655 0.5 0.45 0.9595938842851399
153 189.452 46.273633038700936 0.19199323055171935 0.04690699654027761 0.5126040396421825 0.25 1.275 0.9363851823439241
154 199.458 149.63807598963857 0.1431185688405381 0.10708994626816387 0.11177569289247147 1.0 0.425 0.970840888881339
155 158.354 48.557092659383066 0.17183628600847067 0.05285084439768198 0.6462348620485163 0.16666666666666666 27.375 0.7842541056998845
156 186.68375 34.19339873459927 0.21556416195362776 0.039799782957807235 0.5158053861895765 0.25 1.7 0.9126237552484849
157 203.026875 85.52750420026905 0.15765847161683139 0.06581155372022551 0.24446340544406508 1.0 1.0 0.9628569152761357
158 159.68 21.89753828472008 0.2174254508002827 0.02964548099216015 0.7478418989383099 0.125 3.4 0.7967921928705908
159 171.625 27.946588318935238 0.21640979895952625 0.03545729391443278 0.5804820237218405 0.2 2.125 0.8167021707555479
160 173.775 15.091596683052678 0.23240048844931369 0.020313890269493255 0.5804820237218405 0.2 27.025 0.8378878154094227
161 163.1205 34.85878231485032 0.1981122049746237 0.04259696349551005 0.7018300800400871 0.14285714285714285 2.65 0.7985386915227728
162 154.77275 12.85119509785506 0.22746098393535527 0.019211112129166808 0.7215293540646667 0.16666666666666666 2.525 0.885075098133403
163 172.65625 32.30977193399073 0.1973510814649993 0.036984780758987354 0.5804820237218405 0.2 2.0 0.8638162011905623
164 206.456125 133.96907915825193 0.12946090882049416 0.08395024260934839 0.30540586674162074 0.5 0.575 0.9829119236967143
165 199.625 8.78275048545995 0.2362817000389118 0.010476904838515894 0.25 0.5 1.4 0.9480519099525058
166 186.625 10.55097561680034 0.23847595733853363 0.013604563725642513 0.5 0.25 1.475 0.9222783248262589
167 177.3125 29.006329990230633 0.20185293602315732 0.03330123994158065 0.25 0.5 2.0 0.8840707364294418
168 186.805 46.155506539710416 0.1838458727907526 0.04532297076407898 0.4138746330131674 0.3333333333333333 2.0 0.9383342031100735
169 211.0 65.42534657318328 0.19057109613166356 0.059057873151372654 0.39623918152056026 0.3333333333333333 27.1 0.9875517100611053
170 196.19625 177.00471750685466 0.13042767559459015 0.11760165997448058 0.10941917113137295 1.0 0.0 0.9599613692893911
171 198.15225 106.4756537744619 0.14506195834022872 0.07774067370888205 0.3182447055000703 0.5 0.95 0.9510970030239376
172 174.004125 102.7555099025953 0.13687639783541167 0.08034970975004369 0.10902201671389743 1.0 1.65 0.9192459971697741
173 209.161375 64.01373536390608 0.17790552204035787 0.05438975736324132 0.5337595252311003 0.25 1.675 0.98647630713162
174 171.6875 23.34047017242919 0.22366806840781775 0.03022134013023277 0.5 0.25 1.775 0.8848207301274135
175 150.102875 34.7572573822016 0.1977260359878197 0.045797974669362064 0.7536926902848138 0.125 3.6 0.7847286698999568
176 199.357625 189.79752556321716 0.1262303996473754 0.12016591705671664 0.13993426702173722 1.0 0.2 0.9829021535774461
177 171.114625 19.872132616556108 0.20915713695658214 0.023790144749723713 0.39623918152056026 0.3333333333333333 2.225 0.9095955520249335
178 172.6165 49.01823999477952 0.18728071892344253 0.05232809733113146 0.05834616080017752 1.0 1.225 0.8959865784738014
179 196.283625 187.5428802380288 0.1271450096912342 0.12145089585538298 0.11563566729943639 1.0 0.65 0.9638368752874754
180 218.625 0.2985953551952283 0.2497124845294001 0.0003434031362716148 0.25 0.5 1.0 0.9992173085324225
181 172.875 26.280822598212435 0.2140440648646733 0.03246923212121706 0.6462348620485163 0.16666666666666666 2.25 0.822454182251963
182 207.1705 145.55665408948917 0.1457565597161066 0.1020554447088361 0.08632426285413447 1.0 0.0 0.9844502545485965
183 152.9895 34.31111515453307 0.18075383825095798 0.040585770341740886 0.6462348620485163 0.16666666666666666 2.45 0.7893218639425417
184 201.8025 163.1409952255495 0.13510168191944313 0.10958569200336098 0.41095850773572107 1.0 0.375 0.9773669508633295
185 182.944875 146.07744110861245 0.1390460914750675 0.11081815768070143 0.16506721248742182 1.0 0.6 0.9215899471395592
186 200.51025 183.68779651049374 0.13018211140142333 0.1192254296452403 0.1257807267830051 1.0 0.35 0.9804034029527583
187 178.375 53.8662085512812 0.17065533326591367 0.05146305514250899 0.5 0.25 1.675 0.87922616967655
188 196.774625 189.42944274988375 0.12582528755737615 0.12112028431573921 0.1297807267830051 1.0 0.25 0.9645632043139775
189 201.729125 140.43210267988238 0.12598493782850165 0.08770202470886014 0.32872364441111807 0.5 0.5 0.9665156124919204
190 198.262 187.4934722187737 0.12614564446678736 0.11928342280652017 0.1689941043230976 1.0 0.25 0.971445852043687
191 182.0635 146.58806659771116 0.13690678706872705 0.10997790929690038 0.10047944349823122 1.0 0.3 0.8976996423352318
192 181.75 22.76844745524141 0.21650651344186833 0.027357656997010066 0.25 0.5 1.55 0.8938316481818888
193 197.03475 189.00134029182942 0.12627077178461632 0.12111766498331923 0.14639448029592503 1.0 0.05 0.9668917384781749
194 189.388125 54.78626390885477 0.19669538797244956 0.057020625689495286 0.5445085475767604 1.0 1.55 0.9389587065109573
195 197.821875 187.1321656747672 0.12779570196767026 0.1208858708119498 0.15498335944831546 1.0 0.0 0.9635452929628323
196 199.125 91.49363392414975 0.15018726530046342 0.06864889821442477 0.25 0.5 0.9 0.9667853963034986
197 193.259 91.9155386353949 0.1594614250809206 0.07549788933748186 0.27719936496410635 0.5 1.25 0.9480962439997848
198 182.622625 33.43781879989594 0.2055035991501833 0.03752129075063293 0.6501480574043269 0.16666666666666666 2.575 0.892130612714247
199 184.864625 119.53266250378938 0.14209714417413163 0.09239683435099959 0.39623918152056026 0.3333333333333333 0.625 0.9317063155024546
200 170.158125 57.17263125768844 0.161350478925713 0.054284912840082175 0.5638392514964594 0.3333333333333333 1.95 0.8707863878775614
201 213.875 71.83564121515379 0.18667597921469228 0.06270354388036282 0.39623918152056026 0.3333333333333333 2.0 0.990089541162862
202 179.35075 27.808308107701592 0.223657957931348 0.034881643499811966 0.5875468372534978 0.2 1.975 0.8601120407902417
203 178.849 131.9395813073339 0.14062144004719354 0.10339240775053427 0.10981392117663437 1.0 0.35 0.8935107554994434
204 166.09025 35.4452159377576 0.20272198866503677 0.0434395201335275 0.7793011928232491 0.16666666666666666 2.85 0.8933119657022921
205 158.24225 28.820219762278743 0.1992694302145585 0.03625974324937371 0.7499884583165597 0.125 2.7 0.799827515822758
206 192.362625 192.07043623879272 0.12508065683624472 0.1248890454737797 0.09796130504692763 1.0 0.2 0.963694840047522
207 183.0625 19.31945081526223 0.2318656734790149 0.024693980830527137 0.25 0.5 1.25 0.9131885087965033
208 170.58875 38.239115269322525 0.2022084341107717 0.04555703931244625 0.6273359580822773 0.25 1.875 0.8243100183744918
209 198.662125 193.07052098710224 0.12675940266694163 0.12318216789158147 0.08993571807983952 1.0 0.0 0.9785084863531553
210 201.138375 189.87993755534754 0.12837201280771776 0.12115238409755034 0.0998426214139547 1.0 0.45 0.9800456880677736
211 209.283 70.72112561695879 0.1716508229909569 0.05797953617195872 0.5126040396421825 0.25 1.725 0.9816967438018069
212 171.54875 55.900964829276 0.18860493210352058 0.05958328468526624 0.07912886992343734 0.3333333333333333 1.425 0.8553411184424309
213 191.747 182.06148269660693 0.12652612287988513 0.1200954478721686 0.10914231151612724 1.0 25.475 0.9524639882780638
214 190.544 79.65673442870053 0.18512909845471912 0.07734635277199113 0.4212752266770554 0.3333333333333333 0.7 0.9537614535600502
215 158.696375 24.54781476572339 0.19846866484273876 0.030934610864303318 0.7018300800400871 0.14285714285714285 2.75 0.836287476430134
216 154.776875 44.66234403680661 0.1862351474574594 0.053793026391765975 0.6540612527601374 0.16666666666666666 1.65 0.8194673177800161
217 194.115875 190.94389405251945 0.12478333890552291 0.12271516878108459 0.09742816070229947 1.0 0.325 0.957934187569105
218 150.635875 53.595342518200994 0.18080358731405566 0.06449487620228228 0.6742322978717554 0.25 2.025 0.7680614457463208
219 199.307375 189.73394757149626 0.12756024466386973 0.12142681025195995 0.13839448029592502 1.0 0.475 0.9701927208089756
220 195.75 13.108725710075715 0.2395137883710495 0.016171915167747523 0.25 0.5 1.075 0.9586278188260138
221 198.390125 166.5907971043518 0.13546697682954895 0.11362594946602707 0.13531287829823133 0.3333333333333333 0.0 0.9565390210944397
222 213.5 1.7117457113566898 0.2479530589341439 0.0020021970071441865 0.25 0.5 1.0 0.9859029126016018
223 196.731125 52.955285877498405 0.17940706502281395 0.04824581429380382 0.4138746330131674 0.3333333333333333 1.975 0.9452972700684511
224 156.068125 40.699339609421266 0.18670098252878486 0.04899773023798049 0.6098653044859296 0.2 2.025 0.7524891647607074
225 192.306625 48.33201266463755 0.18366765639958188 0.045593230203946886 0.4138746330131674 0.3333333333333333 2.125 0.9435789526368128
226 164.114875 60.642914580149224 0.16068943742323585 0.05946090554327282 0.6625466470738253 0.2 2.55 0.7896397613293101
227 186.85925 111.44539462655247 0.1347468968368852 0.08022506653655803 0.28358457053699915 0.5 0.725 0.9063558408003927
228 211.625 2.9144497067178894 0.24676999334803257 0.0034231607052812216 0.25 0.5 0.95 0.9819612740431767
229 204.875 9.079155673534808 0.2396861007905739 0.01070186126594898 0.5 0.25 1.5 0.9679291900678567
230 200.625 5.8545394765284655 0.2428323999317316 0.007142653567646674 0.25 0.5 0.975 0.9673415088695138
231 159.884375 29.05290720187666 0.1908684848352703 0.03482505654020324 0.40845922556346076 0.3333333333333333 51.975 0.8072369657606862
232 165.7625 26.169940592284906 0.21095030440840104 0.03351960514552565 0.5804820237218405 0.2 1.875 0.7899422429104858
233 147.36875 17.22122646074561 0.223698626834914 0.026340297183327196 0.4950739995924455 0.3333333333333333 126.65 0.7389545726357946
234 201.0425 69.80841192884196 0.1786836642066894 0.06206194226267631 0.40505690726686383 0.3333333333333333 1.975 0.9474589751839524
235 204.4375 21.328318922096347 0.21152669654245554 0.022215117052564466 0.25 0.5 1.4 0.9797604884506066
236 163.8895 44.47194388849828 0.1808463481573141 0.04932294646677134 0.5666930925861198 0.2 2.15 0.8840703443133137
237 171.125 17.484606341406835 0.21771224698625924 0.021725096356941555 0.39623918152056026 0.3333333333333333 26.9 0.8478178144850921
238 169.574625 39.405418587347164 0.20614042265215748 0.048173136913691676 0.6455631371115337 0.2 1.75 0.8400829553156626
239 218.8125 0.15088834764831846 0.24978452967551198 0.00017341336050063344 0.25 0.5 1.0 0.9995002498750625
240 218.8125 0.0625 0.24992812113235005 7.18788676499778e-05 0.25 0.5 1.0 0.9995002498750625
241 208.3125 15.343712244483651 0.23342515778594242 0.0173154108664737 0.25 0.5 1.05 0.9801400018486549
242 182.049625 103.06282667373935 0.14265215534960862 0.08054750853281255 0.30833622052154197 0.011764705882352941 0.675 0.8923053457238023
243 188.30625 34.55863227615372 0.19009397160456068 0.034875996171171375 0.5804820237218405 0.2 2.525 0.9418215547280948
244 198.06875 63.03882725397868 0.19212433015407818 0.061149406198281055 0.04054906555526381 1.0 0.275 0.9681805627781659
245 153.38125 35.110686951207356 0.18835418953788963 0.04326085729112324 0.7330602506136684 0.14285714285714285 3.1 0.8069994876025813
246 188.05625 6.4039974554150385 0.23745028864656287 0.007760493341020083 0.5804820237218405 0.2 77.25 0.9411331770413974
247 167.9895 5.873191636613471 0.23806260866948833 0.008100569473534366 0.6462348620485163 0.16666666666666666 2.5 0.7936193512275352
248 187.99125 49.77383151458291 0.17311913027317516 0.045065227198999594 0.2688053861895767 0.5 1.25 0.9390237099340353
249 177.4625 78.34981569920177 0.16120143760452027 0.07072536630153431 0.28458750285206874 0.5 1.4 0.895348180520707
250 191.49375 165.46216173988086 0.12820010693188497 0.11066348769131581 0.18801474431326565 1.0 0.675 0.9389425536842136
251 183.08125 41.46487336100878 0.1795215551860974 0.04070539987219264 0.5804820237218405 0.2 2.4 0.9181642115328059
252 178.735 11.429686169075412 0.2382230832950881 0.015375663512871545 0.4994612246009533 0.125 2.65 0.8775762430797793
253 197.606875 62.72687022892093 0.18478959503975484 0.05863925573790299 0.41387463301316735 0.3333333333333333 1.925 0.9504833988795864
254 173.8125 43.54427294829445 0.1883249924056186 0.047439087826466816 0.4206836414362793 0.3333333333333333 76.725 0.8322248641236772
255 155.40525 28.418435875177778 0.21103168182403206 0.03885039063770624 0.6293225484273579 0.2 2.175 0.7884948384276852
256 165.908125 9.563813746850403 0.2303320513176722 0.013370847455691401 0.5926009941062272 0.2 1.85 0.7941093312332115
257 171.283875 96.59006164005518 0.14173623572957986 0.08025425525955555 0.610997157342925 0.16666666666666666 1.075 0.8710652047872524
258 189.691875 24.935476725414343 0.21217044360021373 0.027982688924911646 0.031761760624867144 1.0 0.0 0.9257408826355452
259 201.280875 189.3115309298095 0.12757986993871612 0.11996856820763553 0.13056144583413146 1.0 0.0 0.9831103213777408
260 197.5625 38.133785979229565 0.21168705320336595 0.03870642026719885 0.0 1.0 0.075 0.9708604291198751
261 199.988875 189.3078815684083 0.12815559681543037 0.12128645102958623 0.10610457588982761 1.0 0.275 0.9734459816807031
262 183.37225 128.16554789725737 0.14654146610259036 0.10204954352355793 0.1719841911761773 1.0 1.65 0.9234653235006277
263 165.75375 15.588856109418627 0.22384216028312426 0.020921123881350933 0.7001291055086424 0.14285714285714285 2.6 0.8320662839408658
264 190.12125 143.1504183287599 0.14189564106723868 0.10686478731784547 0.32807908266344266 1.0 0.225 0.9530937452491509
265 165.7085 17.31601740486657 0.2217617024422309 0.02312964504455081 0.6462348620485163 0.16666666666666666 2.4 0.8395418664391286
266 202.5625 63.036095825157176 0.18744183684612453 0.05830006111919809 0.39623918152056026 0.3333333333333333 1.875 0.959726149405826
267 194.157 169.9715461769026 0.13137394673132263 0.11494066617684665 0.16169136719000116 1.0 0.0 0.9474014836056122
268 187.837375 117.49823846770977 0.15188221684324316 0.09451853740678257 0.15629049766123868 1.0 0.6 0.9287284841286376
269 202.954875 138.26143785658564 0.12648349416566343 0.08614542146052401 0.3085057322117306 0.5 25.75 0.9790266475793643
270 200.7275 160.05252123490524 0.13340237432490817 0.10620745891249045 0.1259260563503185 1.0 1.175 0.9786482633185799
271 151.0305 32.064433990461765 0.18316750505935275 0.03910942440834571 0.8288033435957827 0.1 3.5 0.8113356632485327
272 208.3125 65.00994980514184 0.18592754119377222 0.05772769359570863 0.25 0.5 0.25 0.9873814936006157
273 204.481125 139.56954118658166 0.1288009969755321 0.08787496513512563 0.2955906339607529 1.0 0.0 0.9785377967109585
274 218.4375 0.6179105114081288 0.24949684792645016 0.0007106353259045595 0.25 0.5 0.95 0.9989343671897826
275 179.625 54.13462913633298 0.19282437080534828 0.05595979483321623 0.0 1.0 1.05 0.8661319699398199
276 189.4375 40.62084672991394 0.19756988425850358 0.042232143023233276 0.39623918152056026 0.3333333333333333 2.225 0.9233450867737407
277 206.6595 143.44256465119904 0.1267080245993721 0.08793912667690836 0.29528052470395305 0.5 0.5 0.984044818204539
278 202.126875 177.5681701249309 0.1299101117587141 0.11403457571690934 0.09647944349823122 1.0 0.0 0.9803849918514892
279 172.837625 52.62486926314847 0.18198259651908638 0.055356665781368324 0.6047053915656136 0.2 27.125 0.8208692590782731
280 207.625 4.492437415035582 0.245239858324654 0.005346159640798654 0.25 0.5 1.0 0.9758590595065147
281 161.36975 72.58299153565405 0.16269623708506276 0.07232063244740898 0.3070096564334549 1.0 1.85 0.8767281560730139
282 191.162375 69.10633613651906 0.19007500441972502 0.06735892709998373 0.01040559008056961 1.0 0.6 0.9610679487350922
283 191.25 70.78691246806974 0.16866298403835123 0.06249000030409159 0.39623918152056026 0.3333333333333333 2.025 0.9451909278937753
284 190.03125 37.979621375735235 0.1857644641660359 0.037137296554537146 0.5804820237218405 0.2 2.25 0.9442639429117073
285 157.871375 20.995025566976725 0.22380663559098896 0.02990348622734678 0.7536694200009556 0.125 2.975 0.8241991596507589
286 214.9375 7.662306261179013 0.24063000626985467 0.008637121275558438 0.25 0.5 1.0 0.9948702336299399
287 193.564625 174.7975742463805 0.12849233327820941 0.11597348451774578 0.1322987949983375 1.0 0.65 0.9573758167285635
288 207.6875 74.49946181775286 0.1652801692347964 0.059294064713595045 0.5 0.25 1.775 0.9741527704686719
289 193.44275 123.4237141154074 0.12879903059805756 0.08211185822960632 0.3087136642726237 0.5 1.0 0.9416483429719327
290 198.556125 97.74590542990717 0.15429201700478776 0.07564450814967454 0.28789531913106026 0.5 0.575 0.9651072884861953
291 200.942375 143.54244688135373 0.12551475008923255 0.08966539077160365 0.30851168151178476 0.5 25.775 0.9764813046328686
292 203.68775 194.0531963951568 0.12638552096036734 0.12040909762029277 0.11627528767622639 1.0 0.25 0.9884384854288288
293 188.529625 127.82483100414358 0.14199643806402948 0.0958871903163498 0.10305071695121774 1.0 1.825 0.9313031374329358
294 217.0625 1.1955838029305792 0.24805818724011727 0.0013757815240592049 0.25 0.5 1.0 0.9949927286313575
295 198.621875 43.376572050492186 0.19702860434776356 0.04285765992030872 0.4006502171403489 0.3333333333333333 2.0 0.9662379247194913
296 200.780625 57.19975945719338 0.1930446138154684 0.05492095585320626 0.4094592255634608 0.3333333333333333 2.025 0.9518992347300507
297 197.500625 188.71679892887204 0.12693814706056125 0.12127071324648397 0.1158853309747111 1.0 0.325 0.9676939701842878
298 202.055 190.66650078946134 0.12711397098759727 0.11993637401780294 0.1297807267830051 1.0 0.175 0.9804045320900233
299 218.8125 0.0625 0.24992812113235005 7.18788676499778e-05 0.25 0.5 1.0 0.9995002498750625
300 194.575 194.43215569928535 0.12289100740893434 0.12281777827013396 0.13379567253923538 1.0 0.225 0.9637523316258622
301 216.8125 0.36038215832116105 0.249348563770466 0.000417361767836561 0.25 0.5 1.0 0.9967467391282724
302 204.53225 139.87210466499675 0.12815816245771067 0.08761773027844037 0.2968334294452776 0.5 0.65 0.9840436890672744
303 200.593125 112.4800646316587 0.16062657388224935 0.09046702093271489 0.4050612527601375 0.3333333333333333 0.65 0.9846929862768995
304 154.049 23.446359536218623 0.20001848345531392 0.030530055022522064 0.8239686524441546 0.125 2.925 0.8075751404071295
305 156.86925 15.159596522814967 0.233319118736885 0.02262226952187411 0.6501480574043268 0.16666666666666666 2.025 0.8155527313048635
306 187.11775 89.27151730946849 0.1644268453427065 0.07844597303116738 0.24087418554139467 0.5 0.025 0.9503932095316352
307 205.3895 110.0467581698465 0.14194787043996887 0.07587454602159756 0.33600355460560904 0.5 0.5 0.9773105884222546
308 201.145875 185.44264527399716 0.12877858408408108 0.11865541291291845 0.07168057144731747 1.0 0.175 0.9748411481553686
309 186.604375 109.1598545126807 0.1436306375175357 0.08383179856628376 0.2851404316288967 0.5 0.5 0.9179432783175715
310 170.1695 3.581273995391276 0.24168287813565434 0.004827649238720776 0.6468249478017999 0.2 2.35 0.7974384947845454
311 167.6375 57.7750837376806 0.17446814063127558 0.05863557938858413 0.2496390063545483 1.0 25.725 0.8830764897497766
312 196.9375 35.48039329288875 0.21250398369237894 0.038561633436494006 0.5 0.25 2.15 0.9499077460750396
313 201.5 23.254945100623047 0.217806029848099 0.025322282528587464 0.0 1.0 1.075 0.9641468687133896
314 197.875 1.9673131467934546 0.2459272360897842 0.002465354456724132 0.25 0.5 1.2 0.9266776377368707
315 183.19375 56.13288411685455 0.1977207097614798 0.06114573456887436 0.6625420360705366 0.5 27.85 0.8949341031946412
316 189.11075 120.80951141039577 0.13049248706128772 0.08330956309626697 0.3361358858588543 0.5 0.425 0.9368665213675907
317 163.095875 25.334616118219788 0.2222374033957609 0.03434661934235834 0.6263071731547739 0.2 2.575 0.8048186343646666
318 166.535875 0.9136614106246157 0.24804149123031277 0.001372645309895463 0.7018300800400871 0.14285714285714285 2.05 0.8576640069202891
319 144.100375 34.29292808664826 0.18453926516922536 0.044088409056686574 0.7924668135897446 0.1111111111111111 28.7 0.7973208612372175
320 205.43725 138.44186227584458 0.12693386992143862 0.08551001141783425 0.2919668318261231 0.5 0.775 0.9778776002447986
321 204.02375 143.84367178706725 0.1257455026864121 0.08863685639474818 0.2989568915474876 0.5 25.6 0.9806592922121263
322 166.905625 29.25355581863904 0.19442787644537027 0.03406581775772814 0.2688053861895767 0.5 2.15 0.8617454224441355
323 157.9335 27.208675086322444 0.21032370845425366 0.036273104249337135 0.7094224744989366 0.14285714285714285 3.0 0.7936148346784787
324 194.442375 145.50334862382024 0.14067101875331367 0.10499437217451202 0.1286901512119295 1.0 0.75 0.9565172225813766
325 193.75 22.343092585877763 0.2189662904774853 0.025445481773306723 0.25 0.5 1.5 0.9387430268659241
326 186.933 20.29402246297052 0.21900294320563543 0.02379134170162962 0.7018300800400871 0.14285714285714285 27.775 0.9378235537285966
327 214.3125 2.578327782041362 0.24745629526618929 0.0029982061465216427 0.25 0.5 0.975 0.9926630653298951
328 177.98125 35.06648335920626 0.1905642080423679 0.03758038194281809 0.5804820237218405 0.2 2.325 0.9017667711907478
329 205.124625 60.247056004587556 0.17074413445129827 0.04971554407874486 0.40505690726686383 0.3333333333333333 1.425 0.9642998032098731
330 167.926875 56.690358536566215 0.16193270631938134 0.054687825829830825 0.40946794288665245 0.3333333333333333 2.35 0.8321151345371959
331 146.04 26.756951325309767 0.1971030159623616 0.035977559712495215 0.5781217211323163 0.25 1.725 0.7243318121664518
332 194.85 132.22367740969324 0.14838488791153964 0.10029016291971024 0.09614058169438858 1.0 0.15 0.9453547616467903
333 197.50325 174.36905660113254 0.1318277089702786 0.11629019082002992 0.09647944349823123 1.0 0.475 0.9660233742117215
334 146.283375 21.176410444925743 0.2194628169370147 0.03187571831538621 0.6971924480502274 0.16666666666666666 2.375 0.7581475994973833
335 191.562125 187.82419731153018 0.1239398692047221 0.12152197829124094 0.13379567253923536 1.0 0.4 0.9532662199841765
336 196.467875 158.7535175650618 0.1379255074219439 0.11130114519949419 0.1950465256423816 1.0 0.75 0.9577628419713484
337 169.66475 55.86137179365607 0.16737870350719605 0.055336503583823214 0.7169077741244887 0.16666666666666666 2.2 0.8220107945680957
338 178.57775 81.28242677652055 0.16766608062406804 0.07514840855905572 0.07089890375676976 1.0 0.9 0.8758515429406687
339 196.879625 192.2120748355142 0.12456062564771503 0.12160418102038303 0.13060962386106384 1.0 0.225 0.9678630575075124
340 171.42075 19.82983152966539 0.21045638751063814 0.024303279198818275 0.4226836414362793 0.3333333333333333 2.2 0.8606681533562528
341 185.68 34.29824147900519 0.2099964957058471 0.03884982125827649 0.6635857121341426 0.16666666666666666 27.325 0.9286969154963006
342 200.0955 126.19572884728369 0.131981553792749 0.08317330017794962 0.31708116774506995 0.5 26.1 0.9673621782453113
343 180.852 17.858568511649242 0.21596003526314905 0.021456412863352144 0.7218477575589943 0.2 2.05 0.8634986959199151
344 163.3045 39.179026281209296 0.18488842065796357 0.04463435779600441 0.6286546887779279 0.16666666666666666 2.675 0.8228855415420263
345 204.75 6.208198385835929 0.23744050770987365 0.0072531931261526775 0.25 0.5 1.1 0.9616969686850385
346 198.203125 130.94265513582818 0.1296072121636635 0.08556156618889996 0.2734444774619429 0.5 0.5 0.9596025252671436
347 197.80125 185.06044747319365 0.12873009265995797 0.12040073499734366 0.12610160356485944 1.0 0.0 0.9712290432613904
348 150.7825 18.558709600003457 0.20801548254194205 0.0253735516073576 0.5049895674791252 0.25 2.375 0.7692431908504863
349 197.6155 192.05849657536353 0.12523813575718776 0.12172301029233208 0.1508010954600153 1.0 0.5 0.9687216516546998
350 156.24975 33.7325393280852 0.21083922442147662 0.04573444021729108 0.6751325570471323 0.2 1.225 0.8234641896422447
351 207.160625 122.6087618402291 0.13805136846275143 0.08144863996880217 0.026444477461942915 1.0 0.05 0.9862606274865869
352 182.92175 90.15057118824807 0.14790732969639528 0.07259319225372989 0.04696977610989198 1.0 0.05 0.884396145660943
353 195.03375 135.5070914289437 0.13307266297180617 0.09286816833326503 0.040360135635455166 1.0 0.425 0.9486839251981273
354 173.1515 33.858187859481546 0.19420314948512676 0.03791287962956677 0.5332774305379779 0.16666666666666666 2.2 0.8512097231849739
355 194.463 195.09426451945552 0.1228530707507793 0.12326293809104072 0.13143473021441895 0.5 0.85 0.9645729744332449
356 194.755375 191.3817582040443 0.12585357483823317 0.12366993776143681 0.10946318829798163 1.0 0.15 0.9624037574730048
357 180.68675 72.78563745269598 0.1542071636464478 0.06159170190281162 0.292969776109892 0.5 51.45 0.9166942715158044
358 168.59375 37.93810891563687 0.1821518160926577 0.04080435290910192 0.39623918152056026 0.3333333333333333 2.05 0.8792366768169557
359 192.181875 158.0085308120552 0.1348025450127508 0.11063828472966787 0.08943562692728005 1.0 0.725 0.9314853822872209
360 208.1875 98.56783588703314 0.16981288193620958 0.07947048873904208 0.0 1.0 0.175 0.9827244252722197
361 189.314375 112.49480952566131 0.13689683859092094 0.08120303351319577 0.29196977610989194 0.5 0.8 0.9191509463677411
362 201.395875 165.79977944892116 0.12435665714669074 0.10242710710842888 0.24962756708809525 1.0 0.0 0.9761235897478832
363 193.75625 34.81681581116622 0.19074752892222538 0.03425890242670047 0.5804820237218405 0.2 2.75 0.9518740488051847
364 194.51 191.91395183795976 0.12389596578890101 0.12223746015657176 0.13566455040856512 1.0 0.225 0.9626866988156447
365 211.125 70.03060299423235 0.17281862618369137 0.057298647192367665 0.5 0.25 1.75 0.9896732055622728
366 163.43675 40.69678837776774 0.19895544866004775 0.049833303371487614 0.584521680516636 0.2 1.975 0.8160092765197842
367 186.294625 154.8885599315288 0.1302956540404799 0.10818293526332337 0.19061775055353003 1.0 75.5 0.9151811265887774
368 170.795375 76.21001546853773 0.15011501449998033 0.06721416992854841 0.6368267293068282 0.2 2.175 0.8937196603208722
369 164.222625 27.880983054580046 0.20864986494198431 0.03520084337518777 0.6268872196558721 0.2 2.225 0.8300293321013157
370 210.8125 4.141036143539486 0.24395356583728284 0.004826722420556021 0.25 0.5 1.075 0.981649022342735
371 167.845875 66.82912561204101 0.17625091254569636 0.06854710584539704 0.06453213739847145 1.0 1.575 0.8557736068697618
372 201.639375 138.9868664780138 0.1383347647450243 0.0950066202687997 0.052346160800177524 1.0 0.2 0.9691357289807612
373 191.75675 84.58436100664628 0.1646104763699633 0.07213239581137136 0.27350237557684154 0.5 0.7 0.9474826398554328
374 215.5 1.1827127396863506 0.24854817280157449 0.001373675405046808 0.25 0.5 0.95 0.9923433017847146
375 211.5625 72.75313404899781 0.16913328309333175 0.05815034289821237 0.5 0.25 1.775 0.984733195891237
376 187.558625 53.00416221155747 0.18876556477529788 0.05391275161831013 0.46761510832839664 0.2 2.125 0.9384675973680182
377 183.99125 138.12554586364755 0.1421838684541729 0.10641119107341278 0.09645989348957734 1.0 0.1 0.9226371688485074
378 201.625 63.059266920072695 0.17894717797993787 0.05595032775429359 0.39623918152056026 0.3333333333333333 2.2 0.9747813983025015
379 161.491 21.7066843028906 0.20602141904140484 0.027996331782503815 0.542231490701521 0.16666666666666666 2.6 0.8270515007274862
380 214.0625 4.958406786185052 0.24320694423020878 0.005672923667159951 0.25 0.5 1.0 0.988241216885067
381 193.556875 158.2728410619642 0.13666479397765557 0.11156260638816315 0.08283425473903051 1.0 0.175 0.9382173537949767
382 211.25 72.44844557225821 0.18431423534040073 0.06322386849647796 0.39623918152056026 0.3333333333333333 2.0 0.9836393818604819
383 154.788625 32.000683959530974 0.19899800357391245 0.04124868467382047 0.6501393662600723 0.16666666666666666 2.125 0.7777073743420897
384 193.471 166.8762664528911 0.13054904833695827 0.11254402568758531 0.20439089081675882 1.0 0.725 0.953538262070285
385 176.551875 106.75240048795033 0.13641739798716385 0.08201541500218391 0.06158430153607181 1.0 26.4 0.8771230852766524
386 161.552125 22.63736057629832 0.20809539148654482 0.028789563776025637 0.39623918152056026 0.3333333333333333 2.375 0.8575858459661561
387 197.375 65.12796359199696 0.171918865969314 0.05705312738323905 0.25 0.5 0.45 0.9548966063424112
388 183.75 42.68987869677922 0.18718498114206863 0.043529954925868836 0.5042013465473942 0.25 1.55 0.9377833441142587
389 162.510375 67.23373919205221 0.146131903617543 0.06054139280480085 0.6462348620485163 0.16666666666666666 177.275 0.846197935267269
390 207.1875 68.77829415426972 0.17226711927535343 0.056815933844606134 0.0 1.0 0.3 0.9762840360891066
391 196.83025 196.37942025311116 0.12396146419587824 0.12368266379094857 0.14217598475420545 1.0 0.05 0.9737191529040755
392 186.93775 72.73286113082149 0.17306936068764692 0.06690908276873797 0.4940422990974229 0.5 1.1 0.9278308095043811
393 214.1875 71.11269621651948 0.18689580325421395 0.062049825872751416 0.39623918152056026 0.3333333333333333 2.3 0.9916733351992872
394 185.418875 86.7499781665116 0.1541130487163562 0.07130504628157568 0.09321148160954314 1.0 0.8 0.9013767506522876
395 191.914 186.04125841754967 0.12686669909156142 0.12296846961437782 0.07488375742560083 1.0 0.0 0.9615819855283554
396 178.802375 25.641929116270365 0.2145550459592686 0.030834982174953274 0.6608702611832493 0.16666666666666666 2.55 0.8874562624218468
397 168.4375 21.76454238554638 0.21385442849054498 0.027909244280880933 0.25 0.5 1.25 0.8629001154650441
398 156.334125 45.90329538069459 0.1696785795935754 0.0501709677127141 0.5395878076060182 0.1111111111111111 2.65 0.8304802316299121
399 168.05275 36.27345966695329 0.18887303758301288 0.040975147793009044 0.6041006293798027 0.14285714285714285 2.35 0.8295134291496268
400 156.725625 32.60517702360894 0.18761800077773416 0.039350317393628244 0.5805088220644402 0.5 2.15 0.8297170804008668
401 157.168 26.23027992338801 0.20291265155988147 0.03433572271359556 0.6792953999102926 0.16666666666666666 2.375 0.8522749638790788
402 146.481375 16.33991181142832 0.2247606118665441 0.024852712026792834 0.56109897934107 0.5 2.225 0.7989459940252388
403 168.71775 26.501763638937962 0.1961902860894824 0.031088007390065724 0.5283919736864455 0.25 1.6 0.8505127045162814
404 162.971125 49.13811487578909 0.18236590450089069 0.05511813405823976 0.6658577146234973 0.16666666666666666 2.375 0.8265776735485476
405 196.842375 186.47312611950662 0.12790639306879947 0.12113836583627999 0.13428587922385604 1.0 0.8 0.9677969249471704
406 159.177125 28.50616803607995 0.19172116789797 0.033983546048954295 0.39623918152056026 0.3333333333333333 1.85 0.869690315572278
407 162.66475 43.67380515438508 0.178234748694091 0.04775494274473941 0.6424548856670865 0.2 2.175 0.888566966300486
408 194.3 53.344740511520996 0.17995346541233692 0.048944511995119996 0.4006502171403489 0.3333333333333333 1.35 0.9520183423196756
409 216.3125 3.30331624676365 0.2447547199632604 0.0037634377995286526 0.6462348620485163 0.16666666666666666 2.525 0.9964822088869028
410 172.300375 65.4019443652763 0.16533595718501173 0.06152566112114575 0.06533918903823528 1.0 1.0 0.85023202144817
411 211.375 123.20717311772148 0.12518644597816977 0.07303588740953737 0.25 0.5 0.5 0.991201766294887
412 192.59925 137.539194116616 0.13939981678981622 0.09923621863991025 0.08632426285413447 1.0 0.0 0.9222448900355094
413 201.625 48.76946477780684 0.20234598484404795 0.0469124377522657 0.0 1.0 0.025 0.9721917213087266
414 191.710625 85.12290002024191 0.1618012809748562 0.07094547043244992 0.08979232821947733 1.0 0.475 0.9619633650848246
415 175.25125 60.839971465957525 0.15638259225325565 0.05444459788573235 0.4826546300778552 0.3333333333333333 2.05 0.9210465999884891
416 178.11075 22.120068922118815 0.20900464908532404 0.025896972477210185 0.5126040396421825 0.25 51.775 0.8811936015439585
417 171.445625 81.24222287198971 0.16332871897490328 0.07772161598741704 0.6611701081609206 0.5 1.25 0.8670292524479478
418 170.374625 51.46050932299042 0.17405653331404158 0.052741946655858796 0.4962513125428097 0.25 2.05 0.8330334785372586
419 203.5055 145.40340155142582 0.12511565780550876 0.08939647751513141 0.30851168151178465 1.0 0.0 0.9824317138103111
420 193.351375 176.37346502080163 0.13055589947347016 0.1190192086287933 0.09460514051730401 1.0 0.225 0.9416126499066564
421 202.238875 144.65085655216686 0.12484382805467745 0.08929803055315236 0.30829746419803283 1.0 0.0 0.9727857852145428
422 203.690125 144.98664454123954 0.12548491627050432 0.08932185804805536 0.3228222321412037 0.25 25.675 0.9782266741477808
423 192.90175 165.92509511245058 0.13195589536390906 0.11336775521919241 0.09611491552163093 1.0 0.15 0.9571774190475363
424 206.1875 70.82588577117765 0.18215937148931818 0.06258702853774077 0.39623918152056026 0.3333333333333333 1.6 0.9709092797162114
425 203.6585 132.30559865407855 0.12849518991267928 0.08342255833146055 0.311078186961709 0.5 26.425 0.9773669508633296
426 204.0 63.477806771690105 0.1898453667352909 0.05904037926472052 0.39623918152056026 0.3333333333333333 2.075 0.9620080912482161
427 173.28475 34.304458240291204 0.21482921384748033 0.04273375545907356 0.7637937510476474 0.125 77.7 0.8819608772059427
428 158.54425 17.67249608972867 0.21023394119766486 0.0229996574972892 0.5125654614374813 0.3333333333333333 2.2 0.8787496921069665
429 169.76675 54.61284031751589 0.16985776280140338 0.054828660316063337 0.6982251317652253 0.2 2.5 0.8245377264133231
430 179.531875 20.17407983396173 0.21485684493132162 0.02404069303791197 0.5845216805166361 0.2 2.25 0.910092306854196
431 206.823125 145.26794954472317 0.1257080976727667 0.0882862317353859 0.29126282260350633 0.3333333333333333 0.0 0.986571750049764
432 197.97825 130.64637798360388 0.129090281344187 0.0851405118618754 0.3267325921505146 0.5 1.025 0.9628741972401407
433 188.43575 118.25340236536894 0.12914609648209102 0.08095559268573456 0.30471366427262375 0.5 100.85 0.9189720889252485
434 174.3685 51.70541511405135 0.166041655881803 0.04941013314793919 0.5084026930947882 0.25 101.75 0.9233078724550762
435 207.22825 144.7580675799494 0.12622509660437128 0.08817180070229112 0.30726084415331356 1.0 0.0 0.9910315498343967
436 181.218125 46.26368071194974 0.17512396772682004 0.04388911426157105 0.2641054881350732 0.5 1.225 0.9331837673642136
437 188.449375 158.89496150970214 0.1340285130092537 0.11285420833963812 0.1056746232610128 1.0 1.625 0.9369142428266622
438 153.629125 3.8249712148083064 0.2436748734827796 0.006118061419579806 0.7573969222530681 0.125 2.9 0.8079892177331908
439 198.965375 172.40822231054884 0.13361843596077044 0.11605860889731517 0.6393682214154754 1.0 51.0 0.9470242284820903
440 170.65 38.202403309442694 0.18062767467290053 0.04064707601654483 0.5804820237218405 0.2 27.2 0.8612392896117426
441 206.4375 14.34968989295512 0.235020717507043 0.016455413458698494 0.25 0.5 1.075 0.971266994601197
442 191.317 176.64366362196702 0.12957876133978463 0.11955156205901667 0.08230218927728135 0.25 0.05 0.9512379091266239
443 170.3095 27.19489422899615 0.2076311187544772 0.03311478524189453 0.7016513247590876 0.16666666666666666 2.375 0.8163812780731016
444 203.25 65.83140427129167 0.186344998354601 0.060342612308089 0.39623918152056026 0.3333333333333333 2.0 0.9608101933173135
445 190.458375 29.59803786438826 0.2245194226557586 0.03489198597627513 0.6462348620485163 0.16666666666666666 27.475 0.9471215375586463
446 180.560625 26.644909177903706 0.215340407045497 0.029555013721837473 0.25973774619581985 0.3333333333333333 0.5 0.9146107273544322
447 196.858 126.56533530746266 0.13216865129090566 0.08491557626894092 0.3194367479822736 0.5 0.5 0.9558202039126757
448 177.8775 46.05058810955296 0.1759306265956494 0.045661781692329255 0.5084026930947882 0.25 1.675 0.9263161433239692
449 195.5275 195.84951115753023 0.12489643453636753 0.12510357268228592 0.10158747699164938 1.0 0.4 0.9654499796817023
450 204.431125 122.99573849712569 0.13738199669281645 0.08254068300471389 0.30520388926829667 0.5 25.65 0.9737657452258841
451 172.9035 17.580384363852055 0.21325590370027636 0.021692410270561832 0.7114838034993586 0.125 2.975 0.9181769769477499
452 165.635375 27.699341260284623 0.20725094218849432 0.034607794175953166 0.6462348620485163 0.16666666666666666 52.5 0.88493870857977
453 215.0 1.3149897586072823 0.24811146560560435 0.0015282482384048628 0.25 0.5 1.0 0.9905892912877996
454 198.731 198.7525227779247 0.1249536505323311 0.12496719656054342 0.08701948857935912 1.0 0.0 0.9793486693990734
455 211.6875 2.76801259721704 0.2466985791402153 0.00324921020061926 0.25 0.5 1.15 0.9819894552637143
456 173.537875 48.01254783015921 0.19074547410092407 0.05231140684855394 0.29027863948098037 0.5 1.225 0.8901034309939668
457 183.375 100.53170032331772 0.1510746095703954 0.0832476640240425 0.5804820237218405 0.2 1.3 0.8838866254167388
458 153.670125 37.84978430548359 0.19884063712562342 0.04903452738842558 0.5786632715454179 0.3333333333333333 1.85 0.8296855117685347
459 211.0 6.066909007015948 0.24560328921146257 0.007113279211375799 0.25 0.5 75.925 0.9833748516191123
460 192.85225 115.83245733304234 0.1356845151275909 0.08135324002100157 0.2815845705369992 0.5 1.2 0.9446370736022911
461 196.456375 122.47051933110541 0.1336200215635542 0.08318715963827839 0.2835845705369992 0.5 0.525 0.9568576555023565
462 193.919 189.93326707513327 0.12568324322780472 0.12309673060422162 0.1254161988064048 1.0 0.225 0.9582832614720869
463 187.9375 4.389879532343755 0.24117862558321976 0.0056843627255081285 0.25 0.5 1.1 0.8934577804701616
464 199.453 180.8316082024498 0.12994715485884978 0.11777288673834838 0.1791743739291165 0.2 0.275 0.9738221076669579
465 192.297625 113.29613879863808 0.13614433535627085 0.0800863670624498 0.33341187884503026 0.5 0.625 0.941911744076038
466 218.4375 0.29284735751768554 0.24964043899508342 0.0003369967073877831 0.25 0.5 1.0 0.9993116223133025
467 196.479125 59.90362023453049 0.17179683524559486 0.052382548560233916 0.6462348620485164 0.16666666666666666 2.425 0.9620208566631562
468 203.75 75.73048158160904 0.16425419862828206 0.06043649804218063 0.0 1.0 0.375 0.9790657280564345
469 200.97825 136.76437228148018 0.12916627851122733 0.0878775923089952 0.2983432044496045 0.5 0.65 0.9664494799315781
470 161.7855 34.78892834287792 0.18815827924923717 0.04050072729100343 0.7018300800400872 0.14285714285714285 2.825 0.8361259009516449
471 212.1875 51.635096243779124 0.19331358987495526 0.047102162365898176 0.5804820237218405 0.2 2.0 0.9910120095958632
472 195.60475 168.108769910826 0.13095468917208297 0.11242634091963546 0.1337807267830051 1.0 0.475 0.9646552598203285
473 199.777 188.40086860467056 0.12856984748181044 0.12122828404752932 0.12178072678300508 1.0 0.35 0.9712865348397306
474 191.394125 179.1538554071153 0.1277666525056988 0.1195499328160713 0.15054479755056818 1.0 0.15 0.9424039823562368
475 216.0 1.1907126239273433 0.24840760032780576 0.0013789748305596 0.25 0.5 1.0 0.9945211597269574
476 193.432625 128.28597108275284 0.14537598753071235 0.0968433024672422 0.4855977051169479 0.3333333333333333 0.75 0.9571958301487978
477 216.29 72.21032589795165 0.18717981143961146 0.062490361043815466 0.4050612527601375 0.3333333333333333 2.0 0.9976139742574625
478 199.519875 167.251393735352 0.134326296576183 0.11245235195629665 0.11714231151612725 1.0 0.725 0.9645534341947107
479 198.004375 122.64315224454297 0.13332636467479217 0.08250994488633831 0.3297893225961119 0.5 0.825 0.9657306627498139
480 176.71875 7.106804961134725 0.23528866872789603 0.009706629895137396 0.5804820237218405 0.2 2.1 0.9215268098748906
481 198.3125 69.78230531751647 0.18620656018071435 0.06411543241474539 0.0 1.0 0.1 0.9657577148330881
482 200.812875 164.7800589287685 0.1308348426372666 0.10719170584147164 0.10047944349823122 1.0 0.175 0.9741039198723344
483 164.53125 25.145988796426224 0.2145769137829282 0.03316330808728678 0.7018300800400871 0.14285714285714285 27.475 0.8532692105587457
484 195.29675 126.6217893605232 0.13309115170992686 0.08622336111784593 0.31201550721605753 0.5 0.5 0.958875067103376
485 201.0775 185.4447675395202 0.1296723149566591 0.11953468207484816 0.09051802544547032 1.0 0.55 0.9797909279456716
486 204.8125 55.74687454801733 0.191145586584085 0.05193641719146152 0.39623918152056026 0.3333333333333333 1.975 0.9656104260229258
487 163.445625 43.004334419576246 0.18088370955894323 0.04637930721154417 0.2641054881350732 0.5 2.025 0.856374053483053
488 158.6345 22.710299994534072 0.21530391671622384 0.030745291530555073 0.6852537633312062 0.14285714285714285 2.8 0.821341565003817
489 211.75 71.53635714349157 0.18480790935703123 0.062440650117191424 0.39623918152056026 0.3333333333333333 2.0 0.9837055144208244
490 151.970125 36.45854467907698 0.18490327448506555 0.04284288856187932 0.11522399136859135 0.14285714285714285 1.55 0.8585744469595065
491 180.152125 119.23934979744857 0.15075454119853357 0.09924270288935952 0.10011491552163092 1.0 0.75 0.8940018646423779
492 165.405 30.034069345959583 0.2094371322732037 0.0375655723362068 0.5125982222604113 0.25 2.125 0.8822926691449349
493 172.172 32.794295591192025 0.19435672881930421 0.0371630030118545 0.7738040344547801 0.16666666666666666 2.35 0.8908902468944788
494 204.878125 151.66199279486773 0.14269292671767844 0.10605819974293956 0.3874039730551442 1.0 0.6 0.9869381059167531
495 197.032875 59.785921511870804 0.17426010651296067 0.052861813844869474 0.40505690726686383 0.3333333333333333 2.075 0.9645120954431139
496 202.45375 45.52419429870969 0.20324558424326244 0.04555162544979787 0.4226792696063614 0.3333333333333333 2.125 0.9620633245520267
497 186.5 91.56171336611317 0.14067675760416257 0.06876224372901434 0.25 0.5 0.7 0.9405316012908511
498 164.693375 30.275460708528097 0.19397267487233041 0.03566986687610165 0.6501393662600723 0.16666666666666666 2.375 0.8315372234581253
499 148.878625 32.795803319665104 0.19885226578106444 0.04324163048115261 0.5750260682601115 0.25 2.375 0.8288528405673508
500 160.00625 11.339183188651958 0.23328073943410307 0.01627766549223432 0.5804820237218405 0.2 1.75 0.7750797460085094
501 145.230875 34.18150124348424 0.19430198621175823 0.04590006811233559 0.8265101783706302 0.25 2.725 0.8023183624865906
502 174.0655 58.58786295742751 0.15831222602160053 0.053481743670417796 0.5016657347708182 0.3333333333333333 1.9 0.9103914010235749
503 197.123875 193.71324206474827 0.12518564337712226 0.12302305295027423 0.15047925886420546 1.0 0.0 0.9668169649358297
504 212.88925 70.99832493869087 0.18737650396887318 0.062492492389302115 0.40946794288665245 0.3333333333333333 1.8 0.991041319953665
505 201.375 1.3955874201415095 0.2475985522730599 0.0017297616381692358 0.5 0.25 1.6 0.9431596217405419
506 153.21875 45.35282535459204 0.19761760406483184 0.05860341004568697 0.25 0.5 1.65 0.808730570449148
507 192.1195 56.378343048680094 0.17439043060730194 0.05108990512381753 0.5325816381734727 0.25 1.825 0.9333498593917583
508 136.061125 8.779811417848954 0.23348036528603794 0.014825054734480559 0.6589843854625927 0.3333333333333333 76.9 0.6838325118079737
509 166.082625 26.46347565084417 0.2175493666313801 0.03132840608675602 0.22800963564076174 0.25 1.1 0.805493117499153
510 185.122125 81.06385486838128 0.1488568797860122 0.06533961700130282 0.4206836414362793 0.3333333333333333 101.8 0.9196288979796132
511 201.806875 201.50175392242107 0.12501723390662103 0.12482685487160602 0.06694660593513721 1.0 0.05 0.9927476089915066
512 178.47275 56.89201075526862 0.17062389395312377 0.054616097423121845 0.5928334351283027 0.25 2.175 0.9119579130959945
513 161.364625 41.34735866249253 0.17730103304376263 0.04531576480502573 0.39623918152056026 0.3333333333333333 2.35 0.8601691402524563
514 153.864625 30.98935822758712 0.19213356410428964 0.0384674301889031 0.39623918152056026 0.3333333333333333 2.6 0.8482292414205026
515 152.25 20.714572958729818 0.20397016005239396 0.027734003261905924 0.5 0.25 27.0 0.7467728463295696
516 196.503875 198.19595293366746 0.12407039803358916 0.12514689194022377 0.10383975272559728 1.0 0.2 0.9760856384080783
517 211.78 75.77085394430631 0.1659651414559419 0.05938359147329082 0.5042013465473942 0.25 1.75 0.9817824166006839
518 201.0625 51.58241461048756 0.18408479258206978 0.047065752089140545 0.5 0.25 1.725 0.9569335581819668
519 164.00625 61.172961365933006 0.1637933960246906 0.060907630900093 0.5804820237218405 0.2 27.525 0.8918408965480213
520 194.25 11.913805334388057 0.23226964398453265 0.014361487829526814 0.6462348620485164 0.16666666666666666 2.625 0.9224053363767335
521 189.643125 47.07504667722065 0.21842400784585977 0.05421972234493566 0.5084026930947882 0.25 1.75 0.9507779764998983
522 211.508125 125.05176465469518 0.1256475063460802 0.07434147757918262 0.39795193034942866 0.5 0.35 0.989617972258462
523 174.40125 57.13747051087386 0.16332106744723457 0.05322919395968956 0.26880538618957667 0.5 2.85 0.8870865191430723
524 205.268125 165.4270448990833 0.12961083017369507 0.10429195626114117 0.08283425473903051 1.0 0.3 0.9874280859224228
525 197.430125 178.8851309451767 0.13091279963960392 0.11854877759646251 0.10577706487380079 1.0 0.3 0.9732746360829487
526 217.1875 1.313418303348596 0.24820202830875052 0.0015113621629128323 0.25 0.5 1.0 0.9978026018192226
527 191.320875 195.38046567098462 0.12305324317311679 0.1256560912915722 0.07948914243010177 0.3333333333333333 0.05 0.9596220655056772
528 186.6875 60.92853186449061 0.16243810174977552 0.052552898974272726 0.39623918152056026 0.3333333333333333 1.5 0.9116156140166095
529 215.4375 72.06526562984689 0.18689947379695232 0.0625206665364258 0.39623918152056026 0.3333333333333333 2.0 0.9954924787562948
530 172.375 40.12923141425902 0.20450594174695658 0.04804319977921473 0.25 0.5 2.3 0.8673719436434729
531 162.29125 18.600655119303884 0.2198268507527317 0.02516831759991683 0.7116023881322677 0.16666666666666666 2.575 0.8087493736665559
532 152.10325 33.203021014600004 0.20120213944780813 0.043982106670583686 0.7330393006693269 0.14285714285714285 2.725 0.7917251716490823
533 174.976625 24.23140541903894 0.20166370264499517 0.027934735113692228 0.7499884583165596 0.125 3.0 0.8454208894860208
534 189.20675 151.0561837470758 0.13325797382926316 0.10616847615141532 0.08272956576341803 1.0 0.525 0.9409208848081658
535 212.9375 70.01148731184014 0.18623359567523343 0.06122563577310618 0.39623918152056026 0.3333333333333333 2.0 0.9902965798258924
536 190.375 43.62390818896687 0.19982855240526595 0.04554811963234218 0.5 0.25 1.9 0.9318690201182163
537 162.415625 51.939838049505404 0.1761488818915427 0.05632574979492142 0.7056110370292649 0.14285714285714285 3.125 0.8701164212921364
538 199.78875 57.50859836436194 0.19080171862911338 0.054879596041354145 0.4006458716470752 0.3333333333333333 1.9 0.9435075665062601
539 177.356375 25.604147670717097 0.2054073336739242 0.029785294422128784 0.5084026930947882 0.25 1.625 0.8557638367504944
540 192.70125 109.78723315682663 0.13571395888415066 0.07718444612703348 0.3078332432277574 0.5 1.0 0.9541680190413806
541 210.125 45.41252444080773 0.20120057194675114 0.0435083655116922 0.5804820237218405 0.2 2.1 0.9834973466205299
542 161.078 32.213838924430576 0.1915390536327666 0.03849929351135247 0.6729847868505755 0.25 2.6 0.8252193292764333
543 161.603625 49.97569363502789 0.17448339552529815 0.05410678192934158 0.7056110370292649 0.14285714285714285 2.5 0.7907117768469931
544 172.730625 49.75070049576013 0.16896196552844328 0.04874250335300163 0.5198615928936374 0.3333333333333333 1.95 0.8980126310568259
545 198.068125 200.95667445280853 0.12278031474549311 0.12457405519712228 0.0791615488744882 1.0 0.0 0.9863072198083938
546 175.69125 31.932427997921003 0.20227678860138826 0.03672411259564514 0.5042013465473941 0.25 1.9 0.8940991737189287
547 190.93475 108.05358189706246 0.14129011953723603 0.07951135795755986 0.2770209607572117 1.0 0.375 0.9506479696537531
548 218.0625 0.9474199315160117 0.24906557472055027 0.0010895915498622467 0.25 0.5 1.0 0.9983684845045026
549 207.125 116.17966186026543 0.12689083169943977 0.07115942950894827 0.39623918152056026 0.3333333333333333 101.35 0.9757463346243642
550 193.142375 166.30828915433958 0.13205377121357306 0.11362165250129706 0.15560636921279103 1.0 0.325 0.9446382027395543
551 156.3125 16.9676135847345 0.22882183547964746 0.024829761994908772 0.8304820237218405 0.1 3.675 0.8234337501471798
552 203.476875 70.3103138977016 0.18285867139933926 0.06320167054543435 0.4006502171403489 0.3333333333333333 2.0 0.9595375218440659
553 171.816875 80.57144843823835 0.15611245696074288 0.07273424378180991 0.27249654646631916 0.5 1.275 0.8621869439696017
554 173.879 74.26358486325937 0.14610915057905108 0.06198220971930028 0.2761964445208227 0.5 1.325 0.9056790993913797
555 182.515625 88.7270039904388 0.16598160945868318 0.0808810851238749 0.5 0.25 1.125 0.9138550879701198
556 139.261125 10.362247792950381 0.22773257206762731 0.016494914424063152 0.6309419581686542 0.25 26.875 0.6809110428752218
557 180.0625 85.26352321037746 0.14627141199897933 0.06853530479233207 0.0 1.0 0.3 0.9327696900381502
558 190.459375 137.58392527949403 0.12919027617097986 0.09303926425984775 0.05283638579585058 1.0 0.025 0.9572033419935461
559 215.0725 121.75105259212872 0.12623867173131978 0.0714543192947677 0.4050612527601375 0.3333333333333333 1.55 0.99573746875913
560 210.4375 63.94863074283816 0.17622146471625497 0.05354666696915274 0.39623918152056026 0.3333333333333333 2.0 0.9880796414065804
561 181.042875 92.90721249854091 0.15297331113821394 0.07843992623184434 0.5071925939035216 1.0 0.775 0.8973340234893968
562 174.68125 12.519702867768162 0.22316180966584692 0.015718449423650378 0.5804820237218405 0.2 2.1 0.8986814685049814
563 209.9375 61.46249311374384 0.18721913716356897 0.054757327066054885 0.39623918152056026 0.3333333333333333 1.875 0.9857033857833103
564 203.6875 11.990475521857286 0.22872173927947706 0.013562068523982432 0.25 0.5 1.0 0.9763847325774614
565 195.751875 176.01729147649903 0.13021883078296256 0.11703423008016754 0.14576073863539615 1.0 0.55 0.9657588439703474
566 195.300625 81.0262418094761 0.17106140185717914 0.0713098550845284 0.39286517090351947 0.3333333333333333 0.475 0.9642648471657379
567 204.5 102.62183783469538 0.1479584859124263 0.0739849716057855 0.25 0.5 25.625 0.9732009916778687
568 185.222375 97.19854595005103 0.1312023109647559 0.06878235285832608 0.40946794288665245 0.3333333333333333 1.725 0.9344402860107164
569 197.375 181.25794556481722 0.13028584513589317 0.1195530141010135 0.0 1.0 0.0 0.9695509354440861
570 206.414875 110.0272655300964 0.14376953462796052 0.07642375418274899 0.27250237557684154 0.5 0.45 0.9802440857488018
571 212.25 22.825119539538733 0.21947588525443104 0.022905710030327 0.0 1.0 0.0 0.9944550271666148
572 203.13875 110.70630733877572 0.12866207001221472 0.07008937117024884 0.4182769513097644 0.3333333333333333 26.825 0.9637230212680618
573 187.460125 46.81215707658225 0.21547528934558394 0.05380132318009969 0.5241964445208226 0.25 1.75 0.9421033669334677
574 201.5 66.82707935869612 0.1746716406892296 0.057941704594978743 0.39623918152056026 0.3333333333333333 1.65 0.9636568887077195
575 194.059375 194.02223109975432 0.12487723374395766 0.12485296031257963 0.09796130504692763 1.0 0.075 0.9684093999542572
576 204.5625 104.22921065034305 0.15592778533405494 0.07998977326520199 0.5 0.25 51.2 0.9774721639007418
577 213.0625 72.07312815740835 0.18066884082616927 0.06112426882559431 0.39623918152056026 0.3333333333333333 2.05 0.9939075555826052
578 201.86875 65.02752513402282 0.1863742370985223 0.06001168169606277 0.40505690726686383 0.3333333333333333 51.925 0.9509854072790527
579 189.847 131.00688832790675 0.14298788495144513 0.09829259484340158 0.12038742401396378 1.0 0.4 0.9136830053512304
580 172.3275 133.08926615462343 0.1348364500289843 0.10432554927551163 0.5742052542095801 0.5 0.475 0.8628328537674227
581 148.5105 25.483734170601416 0.20689191328619574 0.03557224158921691 0.6462348620485164 0.16666666666666666 2.225 0.759291393261747
582 167.52675 3.790740435300639 0.24079850797661512 0.0054940651946636925 0.7018300800400871 0.14285714285714285 2.7 0.8747009743527154
583 175.385125 64.58644804259386 0.17737072631023706 0.06381232294937311 0.0739488364918247 1.0 1.2 0.8901229712325026
584 194.265625 114.6942281598486 0.15309887842781475 0.08976570122225562 0.04902637477645542 1.0 0.875 0.9565919961237226
585 201.75025 154.94218888028053 0.13528774927210946 0.10370604590528854 0.1555307831396823 1.0 0.4 0.973208503522606
586 168.947875 36.70129227966375 0.18482662836999364 0.03995873186027382 0.39623918152056026 0.3333333333333333 2.25 0.8844032653895562
587 194.31925 173.83008424333315 0.13106664756964614 0.11716345313268309 0.14239448029592502 1.0 0.425 0.9549247875629466
588 190.21375 116.07232211571899 0.14933429668895715 0.09129340308981417 0.3932527348675203 1.0 50.3 0.9385371173401571
589 186.181375 144.06575460942096 0.1357220012199703 0.10478323821536258 0.14855703875484524 1.0 1.225 0.9259565622805777
590 193.785375 180.0049109045127 0.1290853144012006 0.11983260884026115 0.09389546919655206 1.0 0.2 0.9607711128402435
591 193.688875 122.27947909270424 0.13190917560653254 0.0831858376099921 0.2869011957298986 0.5 0.5 0.9363408482966444
592 200.8125 2.6792047033046513 0.24440266773060773 0.0032868819599155435 0.25 0.5 1.3 0.9540868627915611
593 201.56925 166.9442690721317 0.13596450401051782 0.11246491262216674 0.1257807267830051 1.0 0.225 0.9732280437611415
594 171.097875 2.6952201382147143 0.2460694851815954 0.0039038314842971527 0.5885541237159979 0.2 2.25 0.9162982131748834
595 176.1605 11.151371558418566 0.23430497129750325 0.014940590772071704 0.7018300800400871 0.14285714285714285 2.975 0.8498915885271907
596 183.375 67.67706644639158 0.1594900803037533 0.05896144913343728 0.39623918152056026 0.3333333333333333 76.7 0.8918153657181326
597 215.04375 49.794014454463984 0.20448560675865185 0.0455087970726744 0.01040559008056961 1.0 0.0 0.9965862927870499
598 155.117375 24.04729238338032 0.20356359181572947 0.03161597341375752 0.7499884583165597 0.125 2.925 0.790774521995544
599 184.00675 122.35095516636953 0.150069448992305 0.09940481059148094 0.14763983600128514 1.0 1.3 0.9038364207999054
600 199.4375 11.596269799475747 0.23259174981137937 0.01362840151167394 0.25 0.5 1.9 0.945213855544103
