0 151.023375 45.47067990003177 0.18142815237632082 0.05406009315769121 0.6011432010352898 0.25 1.75 0.8238466983359722
1 188.155625 62.77258619946791 0.18116362700998764 0.06044037019202041 0.4006502171403489 0.3333333333333333 1.8 0.9013399284497474
2 158.595875 54.47561743838113 0.1747126115581371 0.05841434473861658 0.13427095177867812 1.0 1.375 0.8655732069831578
3 188.5075 42.097473798127716 0.20443871799318186 0.04587150221772229 0.5102277368743888 0.3333333333333333 1.05 0.9346300427097352
4 159.524375 23.262893378092826 0.22267816192398318 0.03190511970347975 0.5157937514260343 0.25 52.275 0.8717208847043713
5 202.085 188.02884240210028 0.12764533715832674 0.11870372079984874 0.07537398242127388 1.0 0.025 0.9663540370134334
6 175.754125 59.89532147637692 0.17344629727338942 0.059150282778035704 0.4094679428866524 0.3333333333333333 2.0 0.8673264804589291
7 168.837125 48.87580354213399 0.169141585325106 0.04890502588698238 0.6006657347708181 0.2 2.825 0.8985067354954248
8 177.89625 47.05635191456138 0.17787455177034348 0.0471863062307196 0.5925937805107934 0.2 2.05 0.8722946713504942
9 185.5275 121.42788456062154 0.14843463879000188 0.09735499450198856 0.6906087339569307 0.2 0.25 0.8784055268691581
10 170.433625 39.884053085363306 0.20333430868663668 0.04802079671590168 0.2641054881350732 0.5 1.6 0.8726783091814971
11 199.888625 183.08943380573135 0.12713974492243113 0.11639966694439564 0.10305071695121774 1.0 0.0 0.9567276486562003
12 175.845875 110.12578312096971 0.14407405587765393 0.08967990808108778 0.1387846041814166 1.0 75.9 0.900042071051643
13 195.25 21.51985601680025 0.21697184041488043 0.024093607632494046 0.25 0.5 1.5 0.9390270973458283
14 137.95025 7.9477878761696745 0.23159789123652258 0.013224303657478042 0.7267723049641976 0.16666666666666666 1.2 0.7691668960547609
15 209.75 8.52363437213851 0.2365147759756816 0.009679420548182589 0.25 0.5 1.3 0.9710892662959687
16 205.289875 196.06316929479289 0.12746586143776398 0.12173052298049669 0.10626999790009138 1.0 0.0 0.9774342125609358
17 213.10125 215.26091425712693 0.12433328479486187 0.12559337806964632 0.022625660460114466 1.0 0.0 0.9975196604765821
18 169.831 59.013905315332536 0.1581143910115419 0.05461491113286111 0.23699911589921924 1.0 0.6 0.8766101776206545
19 171.444 130.2233351588694 0.1347791007035163 0.10204383211943158 0.06914401625460628 1.0 0.3 0.8706533857357374
20 176.1645 82.14525874066268 0.15996862586677343 0.07416365230679275 0.294969776109892 0.5 0.9 0.8725028391507967
21 177.11375 100.12776235588801 0.14724025754820236 0.08257554083880195 0.06371663278931701 1.0 0.0 0.8736541447598909
22 188.89 80.7013088743911 0.15693280434674933 0.06619630712028159 0.06153436880101687 1.0 0.95 0.9042441154184921
23 210.0 59.893991456547376 0.19210899447790067 0.05472127447411839 0.39623918152056026 0.3333333333333333 2.0 0.9823753513692369
24 184.654625 37.908720953920124 0.2055066878673339 0.042810060679121416 0.575997526919363 0.3333333333333333 2.225 0.9286600932937613
25 187.085375 182.72497689992713 0.1257723527727621 0.12284151726017589 0.09720175256765927 1.0 0.325 0.8983327867181174
26 163.186 47.890108881660545 0.1735049162860805 0.04954202416909124 0.08243974113410103 1.0 0.65 0.8248097684994337
27 192.867 144.89091312069243 0.13955956896063695 0.10454697742184252 0.0892243973840246 1.0 100.4 0.9339634635361096
28 183.25 46.06749356076279 0.1896554381342981 0.04803322186047987 0.25 0.5 26.7 0.9332510290618213
29 194.529 40.454529106902235 0.20595090309268105 0.04260237716806924 0.4450711063195297 0.3333333333333333 27.2 0.9271285372654716
30 151.3205 16.492383137471005 0.21533755619023248 0.023046505804804874 0.6443175611185127 0.16666666666666666 1.925 0.7842995688844252
31 193.9445 63.50589718958206 0.17719006032196483 0.058011692885849585 0.37172866194049947 1.0 0.4 0.9243945667572161
32 162.766875 25.950589308303528 0.20775211751642575 0.033418537592590974 0.6350273267787329 0.25 2.25 0.8571901797413688
33 209.609375 210.35754390147508 0.12364558462828086 0.12408571281625767 0.06914401625460628 1.0 0.0 0.9887875593318113
34 169.303375 33.912627029162756 0.19492944644900925 0.0392729948658235 0.6845664334768061 0.2 26.95 0.8474751232895804
35 176.886375 88.0137899609063 0.140253816606917 0.06950223313193336 0.3206281231863403 0.5 0.4 0.8831569089784432
36 146.364625 36.36285933017523 0.19475335030530153 0.048573930732382614 0.6898045735913376 0.14285714285714285 2.625 0.7787869017045126
37 169.737375 107.72603573311213 0.14563414841329222 0.09182865608421051 0.09513890405812288 1.0 0.875 0.8551524908806702
38 198.601125 175.96668828430276 0.13210605399204137 0.11692054718187044 0.04140193030018289 1.0 0.125 0.9660786075155324
39 184.28175 135.60102039979463 0.14137715902981865 0.10372629617875667 0.13778072678300507 1.0 0.85 0.9202977354277776
40 195.454 136.43514004483697 0.12611971695933397 0.08803357911318663 0.29827462406961114 0.5 0.55 0.9268749062806332
41 209.0655 203.60242919674567 0.1260594771940164 0.12276849203116356 0.10305071695121774 1.0 0.45 0.9854497547984711
42 173.446875 80.0547484611333 0.14532534219914628 0.0665629219983039 0.06301242516954927 1.0 0.825 0.8802136415326287
43 193.83925 58.784177089344304 0.17268135842817697 0.05267964000877284 0.586797108963732 1.0 1.875 0.957182672617739
44 155.0035 16.936196882249714 0.21514173787453558 0.023638983247246073 0.6540525616158828 0.16666666666666666 2.275 0.7558551505145864
45 197.50125 65.7812917170591 0.18595726892370015 0.06193947849579999 0.4050612527601375 0.25 1.9 0.9489093749624286
46 185.4375 81.06745943705964 0.14258859481359576 0.062116688510756135 0.39623918152056026 0.3333333333333333 1.3 0.8961722107398824
47 177.902875 62.385617159710634 0.17713759216022237 0.06213908924008588 0.6027053915656138 0.2 2.3 0.8789691512799102
48 165.263875 29.408286617464828 0.20725628115305897 0.0371116588999917 0.6240021132179585 0.2 2.1 0.8136905124748609
49 122.220875 31.00707009983881 0.19340033371856868 0.049271518513568924 0.6046258132678487 0.2 26.95 0.680893368795105
50 165.034375 39.254665894874066 0.19071243332957682 0.045778223561103615 0.2641054881350732 0.5 27.1 0.8586191731229038
51 212.117125 151.82727927053085 0.12443275313776937 0.08906640845251912 0.2852071267859175 0.5 0.5 0.9902683986053543
52 151.21275 35.63513734074779 0.18193671600216854 0.04275550295839358 0.5087891740103825 0.5 1.175 0.8690008087483215
53 161.23525 45.12989840514618 0.19832840366206045 0.055664366815595785 0.7443687011754615 0.14285714285714285 2.625 0.792381243682299
54 180.52375 110.13926589789212 0.13961789414304202 0.08503989468383005 0.2832071267859175 0.5 0.775 0.8960940497857441
55 156.4465 16.047031575670484 0.22394915222046655 0.023381670190785256 0.5273919736864457 0.25 26.9 0.7860190154533309
56 203.694 196.70043730727826 0.12711545241790398 0.122728093773985 0.07843974113410103 1.0 0.05 0.9733137165600187
57 189.56125 147.52641239863377 0.14005199242159322 0.10873466945701483 0.10654229200776762 1.0 0.0 0.917990999776643
58 160.318 53.85146691585799 0.16452573026918868 0.05529969363459514 0.5915937076437272 0.2 2.175 0.7897795382947348
59 177.8125 23.777313150761685 0.2174459963343409 0.029148332351051465 0.25 0.5 0.375 0.9155331957874381
60 170.5955 93.37174942960806 0.15906162680925737 0.08614106474642697 0.08761678451882669 1.0 0.7 0.8494395598613248
61 191.575625 59.92777172199712 0.1876412582530968 0.057045800601806515 0.06220685778499008 1.0 1.575 0.9400254684584363
62 165.959375 37.03651884592014 0.20907528147058305 0.047125542712434174 0.2547027950402848 0.5 1.225 0.8424787511774763
63 178.570125 35.31477999069816 0.1971580397626205 0.038709276424171886 0.5467656897354273 0.16666666666666666 1.85 0.9125910574788887
64 201.89775 65.86048130911685 0.16918936194291437 0.05516251794455573 0.5126040396421825 0.25 2.0 0.9590745939216689
65 192.55525 111.41838778878595 0.176987578855163 0.10240701559367948 0.41286591568997577 0.3333333333333333 1.55 0.9324078507202226
66 151.869 45.104203524671064 0.1751400138413094 0.051119378120613276 0.4380866503618748 0.16666666666666666 1.9 0.8012985849770407
67 155.158 17.46877882735309 0.21995717284429747 0.02431522167005427 0.47741701584528257 0.5 1.75 0.8280476135655724
68 187.7235 102.38400629694891 0.13921161055631842 0.07572338002224904 0.2808934339080876 0.5 125.925 0.9348186702715047
69 148.920375 41.63966526002214 0.20193336134820597 0.05643036532608273 0.6629391044974731 0.25 26.325 0.7606692777724053
70 214.898375 152.0961740345389 0.12530507931445004 0.08868570698475509 0.28827863948098037 0.5 25.7 0.9957754200989346
71 199.71875 123.77457559421845 0.13346732243706702 0.08261718449818446 0.3067136642726237 0.5 0.5 0.942226254051009
72 198.602375 188.9110922451028 0.12475801822127681 0.11864759875904743 0.11381392117663439 1.0 0.1 0.9537659701091145
73 180.043 101.97897167213887 0.1468427525735244 0.0825290178486525 0.037587502852068765 1.0 0.95 0.8777757698980734
74 178.366375 160.87206189660535 0.1277667177767498 0.1151163122957862 0.08940666137232472 1.0 0.0 0.8991673240777139
75 210.969875 212.28752699058398 0.12437092084042518 0.12514870307802495 0.06301242516954927 1.0 0.0 0.9871192216337739
76 155.328875 30.754555934453577 0.2001547863295891 0.039630417401095186 0.5098795887022958 0.25 2.275 0.8525872155795212
77 171.32575 97.68565859925887 0.15759020030999762 0.08963025341749016 0.2688053861895767 0.5 0.55 0.8832012430257228
78 215.6875 4.2946541391362 0.24704445063478836 0.004953484089745927 0.25 0.5 1.0 0.9955390710781028
79 198.2795 198.0687384623733 0.12351460012258883 0.12338701625854455 0.07843974113410103 1.0 0.0 0.9432159841816159
80 166.48925 81.77575863433213 0.14327867485345028 0.07003337882452859 0.31239890026719347 0.5 1.475 0.8806438716854303
81 211.972625 146.89609824578244 0.12668931056188532 0.08778938550800879 0.29027863948098037 0.5 0.5 0.9874867066380267
82 185.723 91.54454646149074 0.14559906875659873 0.07167735777817211 0.42661778413388274 0.5 0.475 0.9351188935781484
83 179.380375 90.3196920271472 0.1620833991687951 0.08135706183637283 0.4615468414437972 0.25 1.2 0.8728064498692354
84 206.749 146.05279742953988 0.12613739020890677 0.08910355287808835 0.2761933660686839 1.0 0.1 0.9714469811809536
85 158.45225 31.444048745271452 0.18952879765903782 0.036473963524549846 0.4307448612684704 0.16666666666666666 2.05 0.8509406763945522
86 139.302375 30.904266498161654 0.19498807760208844 0.04357684598321732 0.5667619038833225 0.25 1.55 0.7233950570651244
87 169.573625 26.549322140244207 0.20895269472069566 0.03295120211956071 0.4182769513097644 0.3333333333333333 1.65 0.8771185687275955
88 173.56375 101.16575797313051 0.13830814834692745 0.08006846828993608 0.054591273298014054 1.0 0.475 0.8795545742037332
89 204.4855 190.54196028037688 0.12910361899773273 0.1202438567864253 0.06396174528715354 1.0 0.275 0.9709754122765532
90 170.846375 22.05007423591502 0.21717567994436235 0.02862866318889067 0.4050612527601375 0.3333333333333333 26.6 0.8860197571955892
91 209.83 205.88038982530057 0.12557378200393862 0.12321012703226385 0.09645989348957736 0.25 0.0 0.9870530890734315
92 205.781625 189.95143764689908 0.12992829814186213 0.11993587260803594 0.21435835792353908 1.0 0.0 0.974766374613023
93 160.055875 66.406500164108 0.1466662160004643 0.061059217483640085 0.6911446686401573 0.25 2.35 0.8368349480141488
94 182.367625 49.405364022114114 0.18619458250707885 0.04915511611371129 0.15030621403112912 1.0 0.7 0.8768619424470749
95 200.004375 140.03899639830536 0.12524414453634244 0.08769062618518196 0.28758750285206874 0.5 0.65 0.9455358773638116
96 207.802625 194.16805681863863 0.12893724758971123 0.12045290891045025 0.10247944349823122 1.0 0.075 0.9876460238419837
97 192.349125 121.97202211558962 0.1481477663846775 0.0934179890520756 0.06220685778499008 1.0 0.5 0.9389132433264133
98 215.29 151.40958437968004 0.12568490615603156 0.08839187897594547 0.27619644452082276 0.5 0.5 0.9976139742574621
99 201.3125 7.297786386958345 0.23886439407846505 0.008726472301176976 0.25 0.5 1.0 0.9573108133054867
100 191.9695 43.324372580580935 0.19664012727453245 0.044191282845228406 0.4270859597328763 0.3333333333333333 1.85 0.9238655062744767
101 205.192875 192.7168306616195 0.12788176601970863 0.12005261100680124 0.05839980614522625 1.0 0.25 0.9763024471903766
102 209.587375 62.18805325697006 0.19029917333970575 0.05642483367944142 0.4521031801716442 0.3333333333333333 2.0 0.9797075134213238
103 177.151125 38.647674026059356 0.19436583251503867 0.0403621473311413 0.08050631367451908 1.0 76.55 0.893961655028043
104 148.155125 33.10748973145503 0.1835949602795837 0.041000139461577115 0.6930186468437678 0.14285714285714285 27.125 0.7532857507804936
105 179.64 48.07602357244029 0.18940441061257865 0.05060768377152287 0.4304838795417263 0.3333333333333333 1.65 0.8796229650386044
106 214.886 125.06850775135379 0.186273541198754 0.1084185984088422 0.43148387954172635 0.3333333333333333 26.6 0.9964258464458269
107 187.67825 115.05878902748253 0.1371149390027594 0.08394295582173796 0.28458750285206874 0.5 0.85 0.9131723559697611
108 174.7135 24.039485470682063 0.21182286994638366 0.02864621355283235 0.23696639230339245 1.0 0.6 0.8906509025779776
109 201.25 6.513842179962282 0.2389325041418663 0.007793710585017629 0.25 0.5 1.05 0.9401047585498418
110 156.359125 43.57326734414995 0.1773981886766771 0.04765514684806955 0.07108116774506991 1.0 1.55 0.816697654206489
111 182.478125 117.60472223959734 0.14981524464214482 0.09598670110623847 0.07843974113410103 1.0 0.425 0.9087005277913326
112 178.023625 28.731222278647344 0.19735909746552271 0.03209977193757377 0.27819644452082276 0.5 26.25 0.8859483710650383
113 207.3125 0.5228591445460591 0.24931834551515072 0.000633616499243184 0.25 0.5 1.3 0.9832782795637038
114 185.288625 135.9153470985844 0.1436303306758254 0.1049561739043189 0.06601242516954928 1.0 0.225 0.8926469077820458
115 203.006625 194.05517456754967 0.12764554004487932 0.12200475174491023 0.13948955894852516 1.0 0.55 0.9712008620408531
116 181.319625 102.50947670322618 0.13281288517820194 0.07491893515410815 0.30665395304366555 0.5 1.125 0.8936527907393955
117 209.986375 211.24877895730572 0.12458262925387435 0.12533235464069742 0.05434616080017752 1.0 0.0 0.9864872063881515
118 166.693125 125.66177731986024 0.12938909726305411 0.09725028234011382 0.06908116774506991 1.0 125.75 0.8551979540652148
119 186.073875 136.29288667059058 0.1439191553756055 0.1050631979053589 0.09203744071731386 1.0 0.4 0.9071851245897776
120 197.25225 190.5510052039496 0.12626426719033496 0.1219703824588955 0.0710811677450699 1.0 0.25 0.9387843656175209
121 209.128 209.5960281430196 0.12483599657662654 0.1251130908937829 0.06301242516954927 1.0 0.0 0.9840545883238063
122 173.11375 33.873996867213954 0.2026775041631766 0.03935874180889995 0.4050612527601375 0.3333333333333333 1.95 0.8452074681155215
123 188.881875 50.63778804829996 0.18697389492393676 0.05005062679142024 0.43927969217450147 0.3333333333333333 101.725 0.9107397379054161
124 202.77575 118.62467549323328 0.1311708951251031 0.07662996664468862 0.29296683182612315 0.5 0.7 0.9726708020578652
125 211.87725 121.4132421574799 0.12547413039964608 0.07189959780341158 0.41828132313968236 0.3333333333333333 1.5 0.991145403853812
126 182.906 41.884187384232185 0.19342717061109027 0.042821438347944656 0.031199364964106385 1.0 1.8 0.9099450180440426
127 164.08 52.07987971301244 0.1846470779895251 0.058558243702372115 0.508391104871297 0.25 27.175 0.8254601948463267
128 198.3525 126.60370578829459 0.13074366608033494 0.08337989670404715 0.30871366427262376 0.5 1.35 0.9486741550788602
129 185.84925 147.30747386989614 0.13661703169603837 0.10804196815409368 0.07108116774506991 1.0 0.675 0.9380144395648925
130 157.615875 49.05909379476514 0.19931864969391147 0.06261738235739663 0.6528655918588876 0.16666666666666666 2.25 0.8282167008887893
131 189.105 161.91505278765933 0.12815605581881362 0.10960670378156036 0.07650631367451909 1.0 0.175 0.9116460535116749
132 169.32625 104.75246540840492 0.1455258719180473 0.0893218573384316 0.03558750285206876 1.0 100.35 0.8757527126107317
133 166.65925 54.4107925973334 0.17140749063128197 0.05599528640385261 0.4280976654729796 0.3333333333333333 1.1 0.8414326586057932
134 190.1875 30.848470289451413 0.21516491609981908 0.035312308084617536 0.5804820237218405 0.2 1.85 0.9305399862038933
135 194.96325 61.46292066341752 0.18950040408578492 0.0597163839151865 0.4172682339865727 0.3333333333333333 2.0 0.9307492831414518
136 208.707625 147.10028323249398 0.126018443373937 0.08881538632142201 0.2878953191310602 0.5 0.5 0.9787166541534513
137 197.776 71.43751433120069 0.1802954261292774 0.06516585731701857 0.41827695130976433 0.3333333333333333 1.85 0.9498145614314236
138 149.301625 16.324277368832952 0.22110387151442817 0.024635026219783907 0.6413143222393316 0.25 1.5 0.7995130058477913
139 179.92275 29.567500198373907 0.20645569226553528 0.03361076878386852 0.05140381852753716 0.5 26.425 0.8999402454260248
140 182.507125 73.32577593689942 0.16548434719285307 0.06658993929872088 0.4128746330131674 0.3333333333333333 1.875 0.8821607961403611
141 204.835625 177.52759697770543 0.13093496927225648 0.11333895222972819 0.04459233235881025 1.0 50.225 0.9800640991690447
142 163.77725 103.3500931979687 0.13946800632167047 0.08741209656186617 0.09165177387016125 1.0 0.425 0.8409317793435908
143 150.276 28.345820352562896 0.2020078281847322 0.03788688375959867 0.6941760644707365 0.125 2.0 0.801956523168667
144 150.796875 101.47298382455573 0.1196313606820168 0.08066771396091403 0.6491172549102076 0.25 26.925 0.7898204849302183
145 200.0645 175.73572694642445 0.12947262067059834 0.1136370270621117 0.11181392117663438 1.0 0.6 0.9701622813139087
146 160.404125 89.54054505944671 0.15421500704591315 0.08514367268469152 0.08723262048009546 1.0 1.25 0.8429469326700828
147 146.9235 26.815032939751095 0.20012418515367322 0.036582894612555775 0.15296734701731193 0.5 1.225 0.7646597669271723
148 194.558 192.56793175883772 0.12483797771267231 0.12355076686590882 0.05572731716125305 1.0 0.05 0.9337955053501484
149 177.021625 56.87041650147011 0.17098883017218008 0.05374465611248579 0.08505707677944481 1.0 25.65 0.8877955662055685
150 150.873375 43.606914855992834 0.17932320887408237 0.05171392375310648 0.3312296148567301 0.125 1.9 0.8009592811933265
151 214.755 123.28649571192705 0.12535813903831014 0.07196386442123984 0.4118746330131674 0.3333333333333333 26.45 0.9978026018192222
152 169.643875 30.142348893814123 0.21274717424885647 0.03827331373530095 0.5845144669212022 0.2 1.775 0.8807847777881089
153 190.54 41.32837283457176 0.2057281199090881 0.044358731158361094 0.5293861090078499 0.25 2.175 0.9462088392449206
154 208.558375 211.8178871144184 0.1236741986235225 0.12561004037883083 0.06968057144731747 1.0 0.0 0.9846107008898185
155 127.846375 13.676691619649013 0.22081823799528455 0.023051125491368757 0.6271468329585852 0.2 101.55 0.6699781561378793
156 184.875 29.850809639293605 0.21415746729867446 0.03486528479447751 0.5 0.25 1.75 0.8974817044156707
157 153.453625 22.918979868523046 0.20993106134614592 0.03163099610244077 0.2907536938732551 1.0 0.1 0.7697733804704916
158 159.6875 28.4727947436108 0.21080380433411874 0.038360615280347544 0.39623918152056026 0.3333333333333333 1.8 0.8138900392931531
159 167.03425 27.06653159021755 0.2096906101173084 0.034202073955023574 0.6367017330185312 0.2 1.9 0.810120875469747
160 172.64675 16.913117897177255 0.2289426825281012 0.022684489918731295 0.6868819981604651 0.2 2.25 0.8543773112578298
161 163.090125 35.005320917143486 0.19798628772811144 0.04273264459717215 0.7131424624621734 0.14285714285714285 2.625 0.7994438779917679
162 163.2775 61.463389099100276 0.15479221163085458 0.05749129103580226 0.054591273298014054 1.0 1.825 0.8755693386191801
163 154.429625 35.9652917482411 0.19465567936035216 0.044986405156527284 0.3348156177040269 0.25 0.825 0.7729789198831463
164 191.6305 88.58998928686759 0.16854002437449067 0.07695265707578283 0.11126591788814454 1.0 0.85 0.9546666400290533
165 177.125 20.8842603990388 0.2158715531574167 0.025684589941450918 0.25 0.5 1.325 0.8870974183996042
166 158.6875 7.478412996422765 0.23794812109101657 0.011354864702119005 0.5 0.25 1.775 0.8331405577330928
167 153.342 42.70606012958316 0.18789868560370201 0.051843403160340855 0.5879938253096636 0.16666666666666666 2.225 0.7967260603102555
168 179.8125 54.602979304619325 0.18590367023753282 0.05640455594051423 0.5 0.25 1.725 0.8943302691695619
169 205.231 60.37419073880328 0.1928970514244864 0.056689151188944215 0.4138746330131674 0.3333333333333333 2.15 0.9743684501137049
170 181.700625 134.96022173684207 0.13883039570032224 0.10276386762490199 0.0629125596994394 0.3333333333333333 0.3 0.8862715220220115
171 196.471125 97.9614752070981 0.1497147558826468 0.07436651558741611 0.2976579684550348 0.5 0.95 0.9516899377924911
172 154.263375 34.22449943231372 0.19138945067989468 0.042744239999188235 0.4221996072305845 0.25 1.675 0.8338732694670634
173 196.83225 46.10376736343201 0.2012718626982594 0.046944794116269006 0.5337713026605002 0.25 1.625 0.9609011196864005
174 198.218125 122.10743948354127 0.13280272939850146 0.08169800241628117 0.27250237557684154 0.5 0.725 0.9526623859590935
175 136.90825 65.10605767768719 0.17769512592369635 0.08479158996044135 0.5885396236580639 0.2 1.35 0.701142650463765
176 197.244625 170.22255093142203 0.13441076043426048 0.11587498408652631 0.07843974113410103 1.0 0.15 0.9684255527810002
177 176.650625 61.149538759613804 0.16814667922487087 0.05735876346769642 0.2771993649641064 0.5 0.925 0.9033701054657155
178 151.864 39.089996210642454 0.17490678894580775 0.04527226520155723 0.6701604375197339 0.3333333333333333 1.425 0.7882855414901239
179 204.9495 200.82602118920653 0.12581126895669068 0.12326616172988303 0.0730811677450699 1.0 0.15 0.9720030937469657
180 217.4375 2.346612555760286 0.24834678604405053 0.002698749653140315 0.25 0.5 1.0 0.9974253466957026
181 151.34375 20.694660554416657 0.21299090331248008 0.029004580811988052 0.5125924514186911 0.25 1.725 0.7612351604576918
182 209.136875 200.11960596366941 0.12761130231578724 0.12209559352336839 0.08300042375674037 1.0 0.075 0.9872221763966563
183 148.544375 27.12408725077845 0.1919260037557436 0.03529377745818357 0.7074010278706646 0.2 2.45 0.7755370282445887
184 201.50325 157.1916955998696 0.13464471878101886 0.10483082610755486 0.11238215417079946 1.0 0.25 0.9732073743853425
185 170.187625 136.7743282375029 0.1388431809674239 0.11131583539595905 0.11587676968617076 1.0 0.675 0.879458002148324
186 197.753625 165.5011644776609 0.13290767893872646 0.11109805772579706 0.11102201671389741 1.0 0.0 0.9601293274753535
187 146.03625 25.973059109278235 0.21121144179048537 0.035223644745778895 0.21719162881678009 0.5 1.825 0.7970912870399796
188 173.865875 60.03364092395894 0.1765248968660378 0.06100890755403694 0.4138746330131674 0.3333333333333333 1.575 0.8565021941707931
189 192.262875 133.98716906768468 0.12635392115145097 0.088046288930872 0.2808934339080876 0.5 0.5 0.9178132714714156
190 200.87175 180.16648926795872 0.13082542269941616 0.11724920382440561 0.07843974113410103 1.0 0.1 0.9510613099586617
191 206.40375 203.81838593727514 0.12446084773976508 0.12289509880613352 0.06371663278931701 1.0 0.1 0.9783209879286612
192 162.245875 28.022722072915514 0.19398823826373118 0.03367290152554092 0.5386659144473644 0.5 1.825 0.8465199570869774
193 206.530125 202.9242012789796 0.12599034082397073 0.12378375237845005 0.10245989348957735 1.0 0.0 0.9760954085273458
194 155.183375 28.64868890133991 0.20304350135935634 0.037284731975756866 0.314519400133377 0.3333333333333333 0.525 0.8214576772977624
195 182.31875 151.41958584456532 0.1359125811702557 0.11266705502438529 0.07583010065966421 0.5 0.75 0.8961992628231554
196 194.47475 123.08956843166284 0.13935347273283175 0.08814255886242103 0.46680238951003417 0.3333333333333333 100.35 0.9472940122936583
197 190.92625 94.25027261083329 0.155985665320725 0.07668742764280313 0.28458750285206874 0.0024813895781637717 1.0 0.9341791431811436
198 174.2055 38.07605016196285 0.19801738334560864 0.0433362559731587 0.8042018825645396 0.14285714285714285 2.775 0.8784757838624437
199 196.7705 179.63114763384544 0.1290210464753571 0.11770046583383721 0.05597242965908958 1.0 0.075 0.94759988128664
200 160.173375 38.21079574436377 0.20259545884365823 0.04859083144935133 0.7090721419977223 0.14285714285714285 2.75 0.8504961595734173
201 210.410625 71.14265369414339 0.18632787806789344 0.06300300628905119 0.41727695130976433 0.3333333333333333 2.0 0.9791795820758488
202 171.606375 50.442978521003944 0.1988298673162264 0.05879954249601485 0.7132237518084434 0.14285714285714285 2.5 0.8537821182147461
203 209.825 210.32433186645318 0.12417125743536371 0.1244649421056493 0.07570372399398817 1.0 0.3 0.9871474028543114
204 160.941 51.08448903375938 0.19658622121897612 0.06224496825494426 0.38555805612130895 0.25 51.7 0.882808572096608
205 160.41375 40.29832823669407 0.18371895918527997 0.04615312426854168 0.702286245692842 0.16666666666666666 2.1 0.8243520941472354
206 191.709875 139.9594222360966 0.12496453044151372 0.09128292279678055 0.26588620841129174 1.0 0.0 0.9084980056773593
207 177.9375 23.353751951331986 0.22459787979335175 0.029754724230419128 0.25 0.5 0.775 0.8830344139770261
208 164.719625 30.46771326555183 0.19542890541157462 0.03632867907426831 0.633333543937873 0.25 1.4 0.806704909982264
209 209.17075 206.84763894948355 0.12558672634014822 0.1241906818794578 0.05434616080017752 1.0 0.0 0.9884764367686338
210 207.708625 195.60623098485576 0.12781942120504272 0.12034755893808398 0.11108773391179123 1.0 0.1 0.9856654344435039
211 179.25 52.2053780005763 0.19406997206292595 0.05697266944339889 0.25 0.5 1.8 0.8957254356442254
212 188.3125 12.583781414774457 0.23090766704981655 0.01556303702582979 0.25 0.5 1.25 0.9105131590038514
213 182.12175 151.97332538917476 0.1258959071905118 0.10507774943966222 0.2797355261722262 1.0 0.3 0.8797943106363578
214 190.025 108.17556756871062 0.1581709467786435 0.0898617969808348 0.2678053861895767 0.5 0.825 0.9310863286506385
215 177.3795 75.16146620134329 0.15291423144402266 0.06431825996212638 0.3266002608972694 0.5 1.4 0.8814603900598673
216 160.381 65.26941404482311 0.1775041912007404 0.072412826250818 0.4216792696063613 0.3333333333333333 1.25 0.8342170897998415
217 194.71325 174.60037840501988 0.13095531991462916 0.11730768015307105 0.05597242965908958 1.0 0.0 0.9503511337589013
218 139.43175 49.10139621541879 0.191624395255656 0.06744258368784986 0.6201181500345547 0.25 1.975 0.7198686249700256
219 207.2215 206.61355130596982 0.12461828178943271 0.1242500645229608 0.061716632789317015 1.0 0.0 0.9782548553683182
220 185.3125 19.822428098826254 0.2326612190766187 0.02511036319655232 0.25 0.5 1.1 0.9376544664053791
221 195.225625 146.7204580111873 0.1412668788247314 0.10589140459377873 0.09179232821947733 1.0 26.275 0.9347386431589486
222 200.6875 10.109774156142466 0.23854479210724436 0.01211080974264962 0.25 0.5 1.0 0.9420560375905197
223 160.855 45.70280703138817 0.1713986860072189 0.048938173586939505 0.5819123882030128 0.2 27.075 0.8539305361621726
224 154.981625 41.332808716429994 0.1820822528459857 0.04885662988042221 0.6225182318068987 0.2 2.275 0.7487079725435047
225 191.431 70.58904776103425 0.16608203486179376 0.061271473463489386 0.5084026930947884 0.25 1.975 0.9318506090169458
226 160.50475 60.26573141975442 0.15903463989782324 0.05981378759223612 0.6563213228907608 0.2 2.525 0.7837077632531378
227 167.301875 27.293567182375828 0.20196604096810108 0.03218819957922859 0.19951045462836878 1.0 0.225 0.8556033904092724
228 197.4375 11.111880672497438 0.2373515223366852 0.013465712525365629 0.25 0.5 0.95 0.934483883036847
229 185.875 42.90252281136637 0.20293817007196474 0.04694775437841007 0.5804820237218405 0.2 2.25 0.9130769130516171
230 202.4375 11.31397406163378 0.23487585262475144 0.013226219216068707 0.25 0.5 1.075 0.960742931619707
231 163.39875 62.94137838956823 0.18120326024213768 0.06816301041154935 0.13540328303192334 1.0 1.2 0.8465785778025927
232 151.43175 53.943264093553005 0.16760003648440244 0.060082672004381846 0.6645698329966604 0.25 1.525 0.8038318995297328
233 158.659375 33.847161482395904 0.18312662265720092 0.03907707661811237 0.4416776119833515 0.3333333333333333 76.45 0.8004260962776423
234 178.126375 42.810013351529086 0.19495143970710188 0.04667625833247509 0.4392841176471733 0.3333333333333333 27.2 0.886099047286992
235 178.699375 89.16212345978985 0.15237543380299315 0.07566064948847574 0.2678053861895767 0.5 1.6 0.8887484741336363
236 173.551 91.64333162338293 0.1604260266354875 0.08373973144990099 0.09972455599606775 1.0 0.975 0.8753397644219351
237 203.84325 91.57550515531435 0.1439388834673515 0.06477839803714702 0.48498750401172436 0.3333333333333333 1.225 0.9738686999887674
238 206.093375 192.2667204957786 0.1292678218996098 0.12056494595035133 0.11181392117663437 1.0 0.0 0.9757181534038256
239 218.8125 0.15088834764831846 0.24978452967551198 0.00017341336050063344 0.25 0.5 1.0 0.9995002498750625
240 218.8125 0.0625 0.24992812113235005 7.18788676499778e-05 0.25 0.5 1.0 0.9995002498750625
241 188.465125 151.47627398541175 0.1358195503740984 0.10896028625817362 0.12846458872274685 1.0 0.475 0.9289366519289325
242 170.5955 100.07417105154322 0.13967549289466236 0.08173116948097398 0.2999657606985227 0.5 0.8 0.8452627014193322
243 190.5 21.48796444491294 0.2195296409062964 0.024451187665839216 0.39623918152056026 0.3333333333333333 2.25 0.9443702850863931
244 194.315125 56.07968323533427 0.19314413395423924 0.05553268985970734 0.27553875993892335 1.0 0.175 0.9518394848771826
245 163.25875 65.02607763029364 0.1728971446058492 0.06927798722515134 0.6669980551269564 0.25 2.15 0.8253320541585809
246 214.639 151.41416031687882 0.12520636555025744 0.08832549668590395 0.2688053861895767 0.5 25.7 0.9971142241325246
247 155.7925 30.416214588394773 0.202553665250599 0.03987043075731829 0.6821168565179949 0.14285714285714285 2.225 0.7680528047643161
248 188.54625 118.41654515763996 0.12538118993417074 0.07867901918701672 0.299588316947441 0.5 0.5 0.8997474934313189
249 149.462375 65.21686899302824 0.14737945973211777 0.06454194473555551 0.731605189282807 0.14285714285714285 2.3 0.7850593327016692
250 186.942875 153.72853106030362 0.13169885101500473 0.10808810540000909 0.05283638579585058 1.0 0.625 0.9181405468613344
251 165.567375 39.139413353895605 0.18175544199090762 0.04317757321557036 0.5167995688078054 0.09090909090909091 1.8 0.8336448244070873
252 213.377625 152.668490133169 0.12441015060087099 0.0890159140776077 0.26780538618957667 0.5 0.5 0.9912776689744969
253 183.502 61.380771941114105 0.18356309806929624 0.06140226752680556 0.41387463301316735 0.3333333333333333 1.875 0.890042944119947
254 179.91925 42.665043007686705 0.1879570302645834 0.044642482730264874 0.42068364143627923 0.3333333333333333 1.8 0.8587777533057087
255 152.93975 26.826203081073018 0.20724959689125927 0.03651107273480156 0.679021440465225 0.2 2.0 0.7749734038338352
256 147.443625 14.376293318868797 0.21385515672148084 0.021101932027560954 0.2959030809528713 0.5 2.0 0.7527991581866217
257 169.332 64.92575776501724 0.16817307004118978 0.064698651942473 0.5109940500358321 0.3333333333333333 0.9 0.8117426208459771
258 176.157375 32.27876996748049 0.20893844454986074 0.037173574334394804 0.4388541786263895 0.3333333333333333 0.225 0.8697568402487298
259 206.128125 138.03783905176408 0.12826606766465046 0.08586630060858616 0.2925893880750414 0.5 0.7 0.9690804956769509
260 170.627375 131.945414397954 0.13899413458945517 0.10712620112119976 0.052346160800177524 1.0 25.65 0.8589998156582164
261 208.642 200.51300537187024 0.12713423594528123 0.12216673410538835 0.09945989348957734 1.0 0.2 0.9844784357691337
262 202.06675 134.59119582121772 0.12628056539666596 0.08407627713663382 0.2828934339080876 0.5 100.7 0.9687952960597823
263 164.38925 15.619622805687445 0.21870833335736864 0.02093515723075073 0.7286524149222215 0.16666666666666666 2.325 0.830934518570305
264 206.461125 206.79408615514456 0.12455569330977957 0.12476271311533878 0.05434616080017752 1.0 0.0 0.9766428801113559
265 157.0525 60.321664429437554 0.16921187735683785 0.06531599049015056 0.6480542442096199 0.2 1.7 0.8182716781236443
266 167.482375 15.067740095458886 0.2209574649358171 0.020379113636947947 0.42608156124512936 0.3333333333333333 27.125 0.8683875967200863
267 186.814875 155.19955759247208 0.1311154281109961 0.1087632065523228 0.12306304378557309 1.0 200.4 0.9065444683621522
268 177.631625 113.8108988736488 0.14940841951772493 0.09509481118265893 0.04496977610989199 1.0 100.5 0.901004749098978
269 191.414 121.84632695112444 0.12705355765536264 0.08080772407376585 0.2781993649641064 0.5 0.6 0.9455400017967575
270 186.30625 43.1920773481183 0.2185307726297365 0.05107851645471707 0.2547027950402848 0.5 1.125 0.9461968108511252
271 160.628 6.2650477923655155 0.2387927017080526 0.009686853918828337 0.40505690726686383 0.3333333333333333 2.225 0.8539598465199792
272 206.471375 120.76359527118834 0.17622816887108264 0.10308536483359809 0.4187086174971037 0.5 0.6 0.9727955553338109
273 181.676 75.90852937168812 0.160913897960576 0.06747717033133958 0.4854255853385093 0.5 0.225 0.9091514273199278
274 217.4375 2.346612555760286 0.24834678604405053 0.002698749653140315 0.25 0.5 1.2 0.9974253466957026
275 204.566875 196.32354557980176 0.1267408970893028 0.12162841917100455 0.12114231151612725 1.0 0.275 0.9770190060976107
276 181.039375 37.47923790123851 0.19653737088643516 0.04052463053519567 0.41727695130976433 0.3333333333333333 1.975 0.8940668680654564
277 208.89125 141.278580926325 0.1278996687573426 0.08647466051798744 0.2688053861895767 0.5 0.5 0.9779816841449466
278 196.445875 114.83258307062299 0.1373009452864452 0.07987669871998052 0.06153436880101687 1.0 26.125 0.9688494002263288
279 165.015625 61.028422355318654 0.1759132341040697 0.06542268620676375 0.6201503536044748 0.2 2.075 0.8029823384806646
280 177.481 124.12429113285488 0.14179449707913278 0.09874648771129571 0.08243974113410103 1.0 100.025 0.886080636185723
281 178.93925 145.27284235920925 0.13047299320013508 0.10572537879180925 0.09713890405812287 1.0 1.05 0.8705440482653799
282 204.875 40.24510584346638 0.21173472018897296 0.03944439502371332 0.0 1.0 0.075 0.9802613677128083
283 174.8865 49.09242399539571 0.19202148653444567 0.053833340109662245 0.41828132313968236 0.3333333333333333 1.525 0.88881234841945
284 177.808125 44.50601809692687 0.17557777272235167 0.04390461432761765 0.7094224744989365 0.14285714285714285 2.55 0.8784769129997128
285 157.192 60.3292888020606 0.16473431009738715 0.06345910421705778 0.6820499469644029 0.2 102.1 0.8399927659677265
286 212.625 25.690693232180404 0.22062871706464618 0.02682913778757476 0.25 0.5 0.9 0.9870910404132369
287 190.636 134.34046329105269 0.13928866097834294 0.09780655590999288 0.08162970029330814 1.0 0.1 0.938582580524701
288 197.371875 66.9577893200926 0.16824117383085302 0.05705408693912211 0.5084026930947882 0.25 1.975 0.9443834426174531
289 214.826375 151.50855762127844 0.12508673936423417 0.08821457156088633 0.268802477522338 0.5 0.55 0.9972367191339423
290 193.99075 127.15282543695494 0.12836816226350517 0.08409380648566842 0.29590308095287127 0.006535947712418301 0.4 0.9368492394035853
291 196.05325 131.8650876936877 0.12971197064688972 0.08720258408892749 0.29296683182612315 0.5 0.5 0.9544239083007469
292 212.023375 210.66478930475077 0.12502388142689985 0.12422129511661989 0.06601242516954928 1.0 0.5 0.9920224091022692
293 201.983 126.5339483126029 0.15333464481978462 0.09556760707205575 0.09179232821947733 1.0 0.625 0.9800531999125126
294 208.743625 7.88537397266158 0.23689860634836965 0.009004779036594001 0.26880538618957667 0.5 1.025 0.9754818043829947
295 183.208125 43.51297376420998 0.19523816882015632 0.04619501445174201 0.40505690726686383 0.3333333333333333 2.0 0.893323257074948
296 182.256625 43.709635259712826 0.19909656400133696 0.04756240079160983 0.4138746330131674 0.3333333333333333 2.0 0.8817174084564988
297 171.284375 128.79936230119154 0.1389507622172688 0.10409699546919532 0.06333918903823528 1.0 0.175 0.8638552816676395
298 193.619 13.457681082720168 0.23233741188696172 0.016519008743584303 0.4806234475285819 1.0 1.5 0.9291459488664919
299 218.5 0.5106687433035311 0.2489960210434806 0.0005859436251759489 0.25 0.5 1.1 0.9990286809706624
300 210.218375 210.23122933048643 0.12433682372316188 0.12434443067631754 0.052346160800177524 1.0 0.15 0.9869305940720139
301 213.5 1.222998974956563 0.24766338523913553 0.0014288518262166176 0.25 0.5 1.1 0.9898347810407596
302 202.238625 131.42127654646876 0.1328775753466619 0.08628559685730389 0.2688053861895767 0.5 0.65 0.9604329381937934
303 200.745625 188.1969200536376 0.12852461780217378 0.12044304840543714 0.07227411695116401 0.25 0.275 0.9599331880688551
304 136.971375 30.41314810926969 0.19680351324186746 0.044029717442657795 0.7294575802466207 0.1111111111111111 1.375 0.7635569197982914
305 142.197875 4.6236068813287865 0.24088059880660245 0.008075105596967728 0.7290045957477908 0.25 1.575 0.7505788323555117
306 199.823625 184.14150034607098 0.12489704861363396 0.11503665989409875 0.08542780024287705 1.0 0.275 0.9683800895964564
307 198.897125 87.59398600881049 0.1535938947234962 0.06727145400977946 0.3277893225961119 0.5 1.4 0.9614117690678696
308 189.640125 139.9975944670374 0.14181521998440652 0.10435218081659678 0.05216389681187738 1.0 0.425 0.9097229556915349
309 168.9545 77.17752939865827 0.16768015280462 0.07601237915918053 0.2715023755768415 0.5 1.025 0.8573487599241844
310 200.25 11.328685731236332 0.2390224747324461 0.013628595491816371 0.25 0.5 1.45 0.96188333797227
311 188.09 93.50905111013802 0.15502666203065887 0.07675547928223748 0.2986579684550348 0.5 0.85 0.9409186265336378
312 187.01225 172.88484171906322 0.1296193615194972 0.11974671944171286 0.07227411695116401 1.0 0.325 0.9174055768528286
313 197.873875 76.48595143100083 0.1946313501969809 0.07492251865117709 0.42538450692312435 0.5 1.65 0.9573758167285645
314 172.221875 21.597999773641863 0.21654435854496545 0.026596769809958495 0.4314882780294732 0.3333333333333333 1.8 0.8847850370621453
315 198.69775 66.46692968179097 0.16878000353353803 0.05648857996014013 0.27150237557684154 0.5 0.6 0.9485614301967078
316 147.402625 35.32212920521003 0.19808178174098243 0.047778744848090214 0.584532000607178 0.16666666666666666 1.425 0.7981557907129327
317 189.198375 144.12504523441353 0.1417780272761348 0.10767301159444179 0.05839980614522625 1.0 0.75 0.909883402032757
318 177.87325 21.58356851436736 0.2234394673586308 0.026590324937842226 0.45273733421490875 0.3333333333333333 2.1 0.8879082910877191
319 145.902375 9.530758691271538 0.2335419077526124 0.015585384206844842 0.6540612527601374 0.16666666666666666 2.55 0.812059734000506
320 201.041625 123.69558158760628 0.12982639278676517 0.07978614900795414 0.27719644452082276 0.5 0.5 0.9570853635411858
321 200.27275 130.96919588140187 0.12865116854663255 0.08407650680934378 0.2781993649641064 0.5 0.575 0.9539361865696054
322 209.29375 71.60391431155266 0.18629944327349 0.06374468583781744 0.4006502171403489 0.3333333333333333 1.95 0.9818094686839569
323 154.026875 27.022072422762903 0.20654601200243672 0.03626881021377145 0.5904062060173731 0.2 2.175 0.8038927785198716
324 191.83075 131.34153143657767 0.14647160911946389 0.09987146325087817 0.1286901512119295 1.0 1.3 0.9488691653480942
325 155.982625 40.487989927033375 0.19542766960811095 0.05125563243736382 0.2594055900805696 0.5 0.7 0.8141230009021933
326 186.772375 19.482652078986593 0.21468042368946125 0.022361824097830975 0.7018300800400871 0.14285714285714285 2.75 0.9301679846505766
327 206.9375 9.445097671071016 0.24027686845427604 0.011047957500230876 0.25 0.5 26.225 0.9794223138041557
328 156.28825 29.46249229315969 0.19767959414672084 0.037475041187420906 0.44507110631952973 0.3333333333333333 2.3 0.8468385914949054
329 182.1955 78.05484244684759 0.14840264107308784 0.06320614968639597 0.3067136642726237 0.5 25.925 0.8768055800060002
330 168.5835 56.890393047521044 0.16251783338270304 0.05488999116220677 0.577831171616978 0.3333333333333333 2.225 0.827929635113202
331 149.922875 49.20660482760102 0.16416413504706967 0.05402771808325251 0.6418363685899366 0.25 1.75 0.766826725612881
332 181.885 65.34154486293929 0.18050428509653166 0.0649185366679337 0.4094592255634608 0.3333333333333333 1.95 0.897603070279824
333 201.839625 70.45269712667562 0.1924907886694815 0.06724013556609078 0.5083969222530681 0.25 1.625 0.9758470311127189
334 143.938875 27.87904444719561 0.21105992349549849 0.040893222061524216 0.7925076585185731 0.125 2.7 0.7576662604737149
335 185.760125 185.1812862956448 0.12017084565980855 0.11979978655454745 0.08632426285413447 1.0 0.025 0.9080241784984304
336 195.7355 161.53774558294373 0.13619965462739883 0.11223036118365891 0.10647944349823123 1.0 0.425 0.9488334722828181
337 156.824125 65.24429648661517 0.19107897792516576 0.07976555731604298 0.5768485118604695 0.2 1.625 0.7965971826013649
338 173.269125 73.28857363313186 0.17400227404824348 0.07234323077013344 0.10305071695121776 1.0 1.475 0.8687780093746694
339 205.684875 136.9683915052062 0.13467584269565652 0.08966738720604936 0.28542855814987395 1.0 0.025 0.9815817606451278
340 167.620125 27.260414322446923 0.2039124459024688 0.03333006656186754 0.5677308350796112 0.5 1.425 0.895728430939901
341 176.415125 35.2417663256009 0.19936301171285656 0.040029811235166066 0.5848850669151733 0.16666666666666666 2.3 0.9151829927471913
342 189.30975 103.43232658472739 0.12873184364288887 0.07030011660148262 0.41187463301316735 0.3333333333333333 26.4 0.9150586315873611
343 174.946 16.01162747527227 0.22214475024598318 0.020464248296307355 0.7056110370292649 0.14285714285714285 2.4 0.8329489348756511
344 170.35325 41.097988364868584 0.1891497723579925 0.045864764653080974 0.4328861978383233 0.3333333333333333 2.15 0.8346747641520281
345 198.3125 8.988204675685983 0.23167774711338873 0.01058211463868532 0.25 0.5 1.2 0.9411594921035277
346 201.215625 133.77044583280932 0.1323003120768399 0.08790294290992424 0.2594055900805696 0.5 0.5 0.9502222560500095
347 212.563 188.45165196294994 0.1258930911540697 0.11225501175883056 0.14081250616554403 1.0 0.0 0.996387895106022
348 150.26175 21.8460305972055 0.20139678809592357 0.029322867031251965 0.6050556865855183 0.16666666666666666 2.45 0.7880134994040173
349 209.611625 199.3082660104334 0.1247927634132425 0.11861333784964398 0.05216389681187738 1.0 0.25 0.9861760838249739
350 156.1315 34.33807966994139 0.20554405548773222 0.04529743843546868 0.6702170713412116 0.2 26.025 0.7881946151210345
351 199.88775 191.20133684755874 0.12461369127469477 0.11914807047919077 0.028199364964106383 1.0 0.0 0.948411883112019
352 208.322 136.38328535691662 0.12859260925992064 0.08415069991825427 0.27680099060555696 1.0 0.275 0.9853163605405225
353 172.715125 106.89222655549308 0.150280215863786 0.09236038085792696 0.1387846041814166 1.0 0.85 0.8510906155953564
354 184.34875 61.3963599400663 0.1701933925771242 0.05670350740244551 0.4338861978383232 0.3333333333333333 26.775 0.9088425630312846
355 209.36775 209.75673594741372 0.12429491854769846 0.12452735783735257 0.07317507862761062 1.0 0.0 0.9855538386986188
356 204.23275 203.18989805190807 0.12451499268472271 0.12387951288433004 0.06153436880101688 1.0 0.0 0.9694197994606656
357 177.155875 88.86964818937712 0.14509542270177234 0.07246705331655084 0.29496977610989206 0.5 0.55 0.8977514882272503
358 151.658 37.98102963743545 0.1974386640686377 0.04961284431916924 0.7518315581555292 0.16666666666666666 2.625 0.7713428878385888
359 175.385625 105.90276857839281 0.14703712079650613 0.08811507890625699 0.05216389681187738 1.0 0.425 0.8783480352908278
360 205.68975 44.14106253390807 0.20416238535618092 0.04344114676997918 0.2549810916028859 1.0 0.1 0.9785550786749652
361 154.5825 45.386557337909196 0.18621195947415645 0.05516799527745528 0.31496535025950845 1.0 1.025 0.7908635822062213
362 208.05675 145.63910807058815 0.12640293375949446 0.0884662230714587 0.2704276776446712 1.0 0.55 0.9789811843948214
363 192.135625 29.167289591838056 0.198046042406647 0.030225573318307143 0.4495052084692999 0.2 2.175 0.9491693886547351
364 204.335875 199.63392072245708 0.12526026322890021 0.1223565176162861 0.0629125596994394 1.0 0.0 0.9723521676499487
365 200.99075 69.53855650737431 0.17885399202905417 0.0618978633468678 0.5231964445208227 0.25 1.575 0.9728387602438262
366 188.8865 184.79887424478216 0.12482449727702714 0.1221206121302537 0.13578460418141663 1.0 0.525 0.9092134354473291
367 144.757 57.59508065324685 0.1816647364477988 0.07233418262192984 0.5841390470725373 0.25 1.25 0.7990316668241236
368 165.080875 107.03731797739074 0.13736496680338958 0.08855945978143098 0.11914231151612725 1.0 0.775 0.8419508198320002
369 182.78775 10.400287474911904 0.23605040062542276 0.013552006210131879 0.2688053861895767 0.5 1.85 0.915092066378109
370 201.1875 11.84886871627377 0.2282157181962279 0.013540664924214149 0.25 0.5 1.3 0.9559242878128245
371 157.017625 25.895775285412764 0.19922509177489225 0.033113931350488894 0.27396546132314475 1.0 100.35 0.836346097145748
372 196.9815 178.42450126983454 0.1311676510626854 0.11873118865982328 0.09513890405812286 1.0 1.3 0.9556792978099882
373 200.572875 120.30032439911254 0.13455217272617678 0.0805956176694643 0.29027863948098037 0.5 0.8 0.9525973825360152
374 208.0 6.533065866759945 0.2435131682180648 0.007705270403915842 0.25 0.5 1.0 0.9705797460517639
375 169.067375 57.88438184871945 0.163499820575392 0.05619967651396666 0.5125982222604113 0.25 1.4 0.8295547679012356
376 168.28825 42.345237751781326 0.19317809308736247 0.049167571241545305 0.5600364467865575 0.2 2.1 0.8763738285998184
377 193.4935 179.55474970313566 0.12256695779528834 0.11368724265338213 0.08043974113410103 1.0 0.2 0.9431194121262074
378 194.93075 61.31540198704048 0.1774239920478892 0.05580670820865217 0.42470411749404763 0.3333333333333333 2.15 0.9640393974014496
379 166.755375 20.57845630088759 0.21755279132135388 0.026347233101031448 0.42948827802947315 0.3333333333333333 2.325 0.837388065284485
380 195.66125 30.432991711088683 0.21137378264362508 0.03310766784046198 0.2641054881350732 0.5 1.225 0.9321162683955799
381 190.0585 136.12259730290802 0.14239549301241788 0.1016180955068082 0.05434616080017752 1.0 1.025 0.9154836081699531
382 172.546625 14.230239697689244 0.2224378672206138 0.01851331033468405 0.6570490379965475 0.14285714285714285 2.225 0.8665967640206285
383 167.74375 59.07023340373086 0.179199266028223 0.06309132905016616 0.5804820237218405 0.2 76.875 0.8548097996851556
384 190.104375 164.2423945973694 0.1296276332054961 0.1118602785621376 0.07227411695116401 1.0 0.025 0.9232996235891962
385 168.71125 85.54274815004881 0.14266986826600003 0.07176901357976019 0.05434616080017752 1.0 26.575 0.8478730477889058
386 161.876375 54.21204918925136 0.18694375423708914 0.06069986836839119 0.09972455599606776 1.0 26.625 0.8257224668131662
387 191.146625 67.328514531034 0.19816121710292303 0.0697449054775486 0.4197914294321053 0.5 0.35 0.9472842421744015
388 179.5735 37.1216979111152 0.1923468118668391 0.03978161268172506 0.5084026930947882 0.25 1.6 0.9179635555772476
389 167.75 66.25707435233839 0.15368087948098838 0.060864519719525716 0.39623918152056026 0.3333333333333333 26.975 0.8414337877430575
390 188.216875 65.51105859182941 0.1671084512576203 0.05807822007239905 0.3806854477038246 1.0 0.2 0.9125121595036015
391 210.225875 208.82843729340874 0.1251494841682002 0.12431604699954321 0.07470149343730068 1.0 0.0 0.9909751873933216
392 175.133875 129.96662302134624 0.13340206717508535 0.09864488544872654 0.0629125596994394 1.0 0.675 0.8708442715720262
393 209.432875 70.34138762500275 0.18512336948434865 0.062181999025345915 0.41827695130976433 0.3333333333333333 2.0 0.9799329631856244
394 191.2745 154.30255791511155 0.13262684722765447 0.1067872335086022 0.08443974113410103 1.0 0.325 0.9357640663548324
395 207.312625 208.43891302065109 0.12462125010087739 0.12530309887709995 0.06533993618557607 1.0 0.15 0.9829791853943209
396 200.825875 189.56974187824142 0.12776077077699996 0.1205652729219279 0.09558892536062488 1.0 0.3 0.9570951336604525
397 151.355875 24.323979303549933 0.19893669307435935 0.03223936570793761 0.5713073242061084 0.2 1.125 0.8068976619769697
398 159.2655 39.78844165755341 0.18528174760523533 0.04658343652988551 0.44231621881736627 0.16666666666666666 2.95 0.8385153141059856
399 168.559625 40.81570099708858 0.18100663370631553 0.04415750150449189 0.6992639113455883 0.14285714285714285 2.35 0.8359647175892756
400 154.252625 35.98257918600825 0.18226944500317616 0.04281539451691782 0.6726294859174927 0.5 2.525 0.817666714961293
401 171.445 40.65065442377723 0.1956363079676222 0.0461093327395536 0.5168053861895766 0.25 1.7 0.8697470701294785
402 197.450375 187.87562525176529 0.12765726266656102 0.12143775461267782 0.08300042375674037 1.0 0.0 0.9466665135971072
403 171.6875 30.678345151267248 0.19128592018276128 0.034473696080277304 0.5 0.25 2.0 0.8556901923454139
404 170.621 32.24187359988394 0.18987656797856362 0.03602950346917913 0.6579570658274387 0.16666666666666666 2.4 0.8715833660134709
405 197.734875 181.09642920673593 0.12883447964210773 0.11792137572620713 0.08542780024287705 1.0 0.675 0.9559438280513581
406 184.4375 20.587181463488363 0.22321924779181188 0.025132317057034094 0.25 0.5 26.05 0.8857533607958039
407 208.036 209.65095508338177 0.12411178249562219 0.12507760759550374 0.05434616080017752 1.0 0.0 0.983545068079601
408 195.47875 59.305455391976444 0.16921745380304865 0.0509736255208457 0.4889684559929171 1.0 0.9 0.9543761868416645
409 213.3125 6.689297240725143 0.2405144953410784 0.007594872576119972 0.6462348620485163 0.16666666666666666 2.475 0.9919551474046631
410 172.024 75.50684697453937 0.15746164425669337 0.06816494780087642 0.09787424155163248 1.0 0.925 0.8530982570771104
411 208.376875 208.26129436909815 0.12498591116900318 0.12491606028659533 0.09165177387016127 1.0 0.0 0.9834789355192582
412 195.562875 154.37101595880657 0.13661256354834625 0.10817875651949777 0.4526452543643079 0.3333333333333333 0.6 0.9023578398008921
413 205.658 206.82029234065627 0.12460845509704589 0.12531794237100458 0.06153436880101688 1.0 0.0 0.978170311706706
414 166.669 62.90289593147001 0.16681846915543294 0.06160962288408399 0.10530992990820727 1.0 0.725 0.8971138272953043
415 200.375 16.597080727375964 0.22396257337430764 0.018687364988740626 0.25 0.5 1.05 0.9656731711714757
416 176.850125 20.128308789966596 0.21108575215436096 0.024014890376016316 0.5441022879037609 0.25 1.75 0.8784314498151671
417 157.616875 78.62058796002404 0.14264400471536343 0.0713007178465129 0.6108593942772677 1.0 1.45 0.7780023440785275
418 176.427875 42.132524741522225 0.18763891268099453 0.04482641261096001 0.3052765092925839 0.5 1.8 0.8572860147756337
419 208.93675 208.10893973980197 0.12506222610879528 0.12457201375521365 0.11142847121005088 1.0 0.05 0.9844784357691335
420 167.902625 117.00641199689265 0.1472509695711638 0.10208930482178016 0.08962912905379593 1.0 0.35 0.821616257480574
421 210.662625 188.8267279819377 0.12374379488626644 0.1108368284292582 0.03758750285206876 1.0 0.0 0.9900981821448647
422 213.402 152.1215741775045 0.12475340035130257 0.08893026673315227 0.27250237557684154 0.5 0.5 0.992710786788967
423 164.11275 58.002268960298224 0.17087620485567567 0.05947497865395045 0.2694524429871764 1.0 1.15 0.8819154140214147
424 197.9525 80.3346694525432 0.16064274899780082 0.06529132720076368 0.4138702611832494 0.3333333333333333 1.7 0.965087748247661
425 204.1835 129.01936612147347 0.12972152591683078 0.08189511545360754 0.311078186961709 0.5 1.025 0.9766688030573649
426 152.824375 27.67373695278965 0.21070955374009637 0.03860344780974925 0.2641054881350732 0.5 1.0 0.7903442918427506
427 183.30925 129.09327186457008 0.14053242163334573 0.09859212795471445 0.09713890405812288 1.0 0.65 0.9124914901278018
428 180.52875 40.02088707793491 0.1984899825434081 0.04376656854509757 0.40505690726686383 0.3333333333333333 2.225 0.9078039823043407
429 131.780625 40.03410359683362 0.17682048454379526 0.05383719867234255 0.5072856887423429 0.3333333333333333 2.15 0.672091010657046
430 171.915625 27.4235350453999 0.20106433794084672 0.032053606565467456 0.5885613373114317 0.2 2.375 0.8774296912907644
431 207.390625 142.46204354042177 0.12694482106308327 0.08717738564193349 0.2694524429871764 1.0 0.225 0.9733896192396287
432 181.8125 109.5810682162101 0.1342109288900939 0.08080644242592303 0.29396683182612315 0.5 0.75 0.9049009244728594
433 167.570875 73.63946539823819 0.16180197317363504 0.07002967631365561 0.08300042375674038 1.0 0.975 0.8338161700048411
434 164.618625 34.92099120135425 0.1864734561639089 0.03971189834551332 0.4138746330131674 0.3333333333333333 1.575 0.8222685499858816
435 211.28675 148.45406007970055 0.12533316464857922 0.08806384812290623 0.2767786566887256 1.0 0.0 0.9900418197037896
436 163.489375 21.52096791775204 0.20732060469097713 0.027592394076282032 0.5728863296800485 0.25 1.75 0.8693555283376269
437 190.377125 179.09388038464107 0.12776547640271352 0.12014993912399044 0.09477437608152259 1.0 0.25 0.9237527813923258
438 183.0625 12.729055480726874 0.23335613174336817 0.016375709506506585 0.5 0.25 27.225 0.9009029234733597
439 202.06575 171.9193596623998 0.13200337498110234 0.1121852765672308 0.11480953065693612 1.0 0.925 0.9641198166301146
440 165.348625 31.186729451966677 0.19134492707014544 0.036301292986231574 0.6006730212333183 0.2 2.225 0.8376383088575303
441 173.831875 33.867212520665255 0.20647505929503449 0.040432064248767004 0.4303962785161394 0.3333333333333333 1.6 0.9085160246625125
442 205.375 117.20298144637572 0.1258880859348743 0.07184167673622488 0.25 0.5 0.35 0.9677037403035558
443 160.9105 34.15769522088973 0.19858418630197508 0.04263078007298291 0.5094193430353814 0.16666666666666666 1.0 0.8235900720554566
444 181.63625 43.409530380161236 0.18951423015355617 0.045140437234618656 0.40946794288665245 0.3333333333333333 1.9 0.8995825305410394
445 184.333375 26.722940526380444 0.22416588659060177 0.0324855904932719 0.6462348620485163 0.16666666666666666 2.75 0.9266783747580158
446 149.75775 39.08538149840276 0.18083334724037575 0.047053813909455525 0.6048704808092018 0.25 2.275 0.8030773892826945
447 181.571125 106.54138037989581 0.1400641504418952 0.08201382025141936 0.3042765092925838 0.5 0.75 0.9083221435305481
448 150.39625 31.074227876623468 0.21078048503854444 0.04388465000523432 0.7837138981082139 0.2 2.6 0.8157759227946308
449 210.31825 210.61925739683764 0.12490998869253869 0.12509001576792816 0.05597242965908958 1.0 0.25 0.9874303441969514
450 188.73575 59.45041786156094 0.18577121300131205 0.058643384946181196 0.6637830371705793 0.5 75.725 0.9181664698073406
451 191.8255 72.65238879924964 0.20121096577859424 0.07582412579691514 0.40946794288665245 0.3333333333333333 1.35 0.9300879575380276
452 218.4375 0.15088834764831846 0.2497841133970501 0.0001737321215921282 0.25 0.5 1.0 0.9993116223133025
453 207.25 2.638619000321725 0.2456705502549541 0.003151384374680324 0.25 0.5 1.1 0.9691368581180263
454 211.126625 211.52547776836212 0.12480699049089428 0.12504425483816967 0.045214888607728515 1.0 0.0 0.9918337815405092
455 199.0 8.460947119199377 0.2356766851759598 0.01009906527134349 0.25 0.5 1.0 0.9423758011357002
456 160.0 29.148890695338654 0.20095123579797328 0.03659707968699217 0.39623918152056026 0.3333333333333333 1.7 0.8080068918133182
457 211.146 208.20147068086445 0.12559872826987872 0.12384784268286415 0.08922439738402459 1.0 0.0 0.9945677520487642
458 176.924375 66.79977232655223 0.17251518505912025 0.06371989433765261 0.06633993618557607 1.0 1.125 0.8748986350126013
459 211.288125 78.81836689608794 0.16475614044856973 0.061482639404993863 0.5084026930947882 0.25 76.6 0.9894845780005127
460 151.734875 54.51197598757046 0.19009273156184475 0.06834574687363326 0.5925864940482932 0.2 2.375 0.7444931627617081
461 190.34575 109.6441054950754 0.18547577721067074 0.10683709713394184 0.4270859597328762 0.3333333333333333 1.5 0.9090063967842997
462 192.011125 177.69016334236082 0.12767711155279374 0.11808545915082698 0.11969015121192951 1.0 0.15 0.9263740270184305
463 155.453 76.12795675478755 0.1582837630139149 0.07627963742433164 0.10926712921173395 1.0 1.0 0.7936366331915469
464 199.106125 162.19715698886313 0.1359842430108008 0.11062393326538518 0.13578072678300507 1.0 25.775 0.9599136478303202
465 172.5 27.45014941075658 0.21057139332317537 0.03382255239223197 0.25 0.5 1.225 0.8790721060428021
466 202.533375 87.94784402962924 0.1913822750999753 0.08288727042215456 0.4206748711186144 0.3333333333333333 1.6 0.9729157920607003
467 195.86525 87.99147265403623 0.15165879221956016 0.06756065635713145 0.13017650028587543 1.0 26.025 0.9627580849461973
468 185.3605 102.21451181300706 0.14619017565387488 0.08039009246031435 0.30096576069852277 0.5 25.675 0.9093336721742188
469 196.158375 129.49391959405918 0.12924942866808117 0.08527361424539436 0.27951013739865266 0.5 0.675 0.9354931534059892
470 156.473625 47.94903653724746 0.18952548479558168 0.058000432276692784 0.44689446043187814 0.14285714285714285 2.35 0.816545848847265
471 207.9025 57.735938445380526 0.18439943661772049 0.05130477059055097 0.5942632071499411 0.2 2.0 0.9858247516474633
472 185.140625 120.14854490924876 0.13903695961936682 0.08978374458352459 0.06571663278931701 1.0 0.375 0.9376653656619084
473 208.331125 203.1881585503118 0.12570687788700033 0.12260735806646207 0.12306304378557309 1.0 0.0 0.9832241753971561
474 192.405625 182.88375078648824 0.1274892863786178 0.12114425340536755 0.0892243973840246 1.0 0.15 0.9248000031012734
475 213.5625 2.608527584582983 0.2468712032973868 0.0030369093914338246 0.25 0.5 1.175 0.9880428192040398
476 188.081125 138.01569765416545 0.14400006352214426 0.1053208230045027 0.10236002801946747 1.0 0.425 0.9345834503879366
477 210.075625 70.6742734865075 0.1870497557111614 0.06294342189557466 0.4050612527601375 0.3333333333333333 1.875 0.989031420197383
478 174.599375 50.95606477590727 0.17830072724187887 0.05047818110818425 0.0750811677450699 1.0 1.175 0.8870399268212641
479 185.034 93.3506522475049 0.14775651440150556 0.0742827041380865 0.3113929509671393 0.5 0.8 0.9319328944040296
480 171.25475 8.657245349803196 0.23604042478511605 0.012073283116940711 0.46748938984337385 0.2 2.075 0.9013372780590906
481 175.91825 70.25668416369818 0.17040592041015298 0.0682083546345435 0.40290933116431504 1.0 0.5 0.8731728057362244
482 192.245 121.78369276147217 0.14054244103292501 0.08858770203074817 0.0710811677450699 1.0 0.825 0.944720488126639
483 147.91675 36.36320020052178 0.19015505709170263 0.04653093601724487 0.5729398370231886 0.2 26.5 0.8068292711420946
484 182.576875 96.15275999420125 0.13786332678828314 0.07303007766730502 0.3134382301438204 0.5 0.8 0.9156493080813859
485 205.691875 180.44327977887946 0.13199471124595233 0.11568959305195668 0.08162970029330814 1.0 0.475 0.9805736194132495
486 170.504625 37.691450981012956 0.2000290730765372 0.044655524879774325 0.5927208110003386 0.2 1.525 0.8867156467270141
487 196.14875 117.6706818314913 0.13726608300965487 0.08222016433401037 0.2818934339080876 0.3333333333333333 0.7 0.938434162577275
488 157.815125 30.795568555694693 0.20368280703291047 0.039858649099291474 0.6696792696063611 0.16666666666666666 2.1 0.7914174364977018
489 206.625 70.55020313137862 0.18244034103806508 0.06230457205730526 0.39623918152056026 0.3333333333333333 2.1 0.9702588533693187
490 170.006875 38.296673761452816 0.19845669593800236 0.044338195493721616 0.25040090654922076 1.0 0.75 0.8693979962264943
491 178.614625 111.71371558948208 0.154072690284601 0.09570519850168072 0.054346160800177526 1.0 25.95 0.8861565388653327
492 185.8125 8.649849681988261 0.23197306664621042 0.01089469091615723 0.25 0.5 1.55 0.9010938093096481
493 164.02375 20.432601205203554 0.2211794515761185 0.026230464184863172 0.4135793558350947 0.16666666666666666 2.65 0.8710715874947369
494 205.113 192.43898434629457 0.1278740546703503 0.11992800995294917 0.06371663278931701 1.0 0.0 0.9819026533275717
495 193.9375 21.684832395763873 0.20924340433687427 0.023567998897273776 0.5 0.25 1.75 0.9540455240399632
496 193.700375 36.719282299804114 0.20845616304352133 0.03933058778915326 0.4328861978383233 0.3333333333333333 52.0 0.9280337237344666
497 186.1525 125.04275391445117 0.1281109569016554 0.0860121128688608 0.28458457053699915 0.5 1.0 0.9002927067408
498 162.855125 30.37937008455009 0.19430536306577284 0.03634919720750385 0.6427607425424572 0.16666666666666666 2.5 0.8279446588026846
499 159.756125 22.940862335280105 0.2218470307096407 0.031002319544087414 0.3153830106885037 0.5 1.55 0.8165676473603342
500 191.878 178.67390204629197 0.1201013271956923 0.11246810194366902 0.25508656977461175 1.0 0.0 0.9332566747481421
501 128.361625 60.61300049728839 0.164867233446573 0.07807612077445494 0.6501480574043268 0.16666666666666666 27.3 0.6960192668011808
502 170.7625 35.796309004462636 0.20768210100731563 0.04379685932821096 0.5804820237218405 0.2 26.6 0.865227520491965
503 209.569125 207.74702256033584 0.1251748715714202 0.12408324590841863 0.06533993618557607 1.0 0.0 0.986081770044094
504 199.47425 68.14197057884739 0.18795480622556268 0.06424056125397586 0.4260683654547926 0.3333333333333333 2.0 0.9674455927696607
505 186.125 10.321063194031982 0.2398406563847686 0.013421545716416126 0.5 0.25 1.525 0.9003674802831457
506 169.395 50.72376330134613 0.19154707827278133 0.058468628936630386 0.1513565253668839 0.16666666666666666 0.675 0.8494482008433253
507 159.703875 32.213693631503574 0.18703520603818402 0.037495296295208674 0.5389550543967231 0.25 1.7 0.8446716328091963
508 179.38225 155.59708297133457 0.1286669370058866 0.11142483711219273 0.03964704279801942 1.0 0.15 0.882414427125199
509 167.967125 66.43194992390322 0.1505434069345148 0.05925642014168366 0.4138746330131674 0.5 1.05 0.8424332879929326
510 182.238375 77.31342503913538 0.14654803792191542 0.062301060795827354 0.5283919736864456 0.25 1.9 0.9007717874899384
511 212.79125 213.0387505179218 0.12492684649386658 0.12507315381387119 0.028199364964106383 1.0 0.0 0.9971142241325246
512 166.595 31.51703131980443 0.19639829523554442 0.03733935803773885 0.40505690726686383 0.3333333333333333 27.375 0.8379441778504974
513 160.04625 35.43912641594546 0.19215842500504676 0.042730801953786035 0.6303944758450994 0.3333333333333333 2.25 0.8577462923073808
514 149.4035 26.33962134902609 0.20238352725304887 0.03562092441875214 0.7235898762266455 0.3333333333333333 2.775 0.8301818744816778
515 149.06025 25.804562640430763 0.19668763939287798 0.03439252133489706 0.5668080308038059 0.25 2.025 0.7603701836030262
516 207.44025 206.38855167704045 0.12412489226875993 0.12348683124814548 0.05078126227861889 1.0 0.0 0.9808197385533487
517 204.8885 73.40927574530896 0.16593990392205904 0.05945817367320449 0.5125982222604113 0.25 1.575 0.9556067825421721
518 170.53575 57.942502948746025 0.18588437656605936 0.0636067074379336 0.5293802916260787 0.25 1.7 0.8745548146798263
519 186.872125 134.8546916326463 0.13838976859945046 0.1003494862257427 0.4995445673875166 1.0 0.2 0.9206456801934882
520 183.0625 21.022823976748462 0.21554029011544157 0.024963069080001808 0.6462348620485163 0.16666666666666666 2.425 0.8745431784021451
521 192.189375 60.89309973947236 0.1887669845339437 0.059783076984137776 0.4226836414362793 0.3333333333333333 1.975 0.9109110835031698
522 206.83875 119.08810614369754 0.1260998169491376 0.07255996240478077 0.3921867670497611 0.25 0.675 0.9746156983910685
523 165.13925 71.74142891186897 0.15357766346363447 0.06583621041400983 0.11002201671389741 1.0 0.675 0.8277898581477886
524 201.159 134.84568890735176 0.13290761085121028 0.08878554997590535 0.054346160800177526 1.0 0.75 0.977384232827336
525 193.265375 151.74441293850452 0.13912018133175286 0.10899283595649925 0.07607521315750074 0.2 0.45 0.9485775830234517
526 216.375 3.0354117069642186 0.2476945366686649 0.00349901519295567 0.25 0.5 1.15 0.9965765226677827
527 143.56925 56.11136508795827 0.1598911267983661 0.06250355991692787 0.534765389909696 0.25 1.925 0.7612708535229606
528 205.677 116.44208921239485 0.1262590515146783 0.07152823107455382 0.6334379772319366 0.3333333333333333 1.45 0.9151799974515048
529 210.3125 9.96586610201883 0.23715354974525457 0.01131721574585976 0.25 0.5 1.0 0.9869381059167532
530 165.441875 31.505420885362486 0.19131585617751803 0.03676272387168594 0.27350237557684154 0.5 1.45 0.8402249905556237
531 165.273125 37.38737324047304 0.19658164368947614 0.04476181311490922 0.6204177631037325 1.0 1.575 0.8347645613838454
532 155.978 27.698186360058852 0.2033440449430098 0.036348847805438046 0.7230251016071695 0.14285714285714285 2.9 0.8038536980427989
533 182.109125 9.585392936908367 0.23397492599034905 0.012599189478504197 0.7208059861071284 0.14285714285714285 2.675 0.8806029250499394
534 184.9935 128.58331467711486 0.13985792745718784 0.09681409290409425 0.07917507862761061 1.0 0.25 0.9403797959316306
535 197.2055 45.974702001891536 0.18949572647482849 0.044039358744246186 0.4138746330131674 0.3333333333333333 2.125 0.9535946245113619
536 191.136125 116.14560064663243 0.13410333241694475 0.08137064718088047 0.2842071267859174 0.5 0.675 0.934678893306081
537 180.602375 71.59489295277086 0.16908654243119184 0.06642911102273895 0.30527058442531746 0.5 1.675 0.8996573040833847
538 160.316875 41.0295596744865 0.19260944445411537 0.049408240222192645 0.4006458716470752 0.3333333333333333 2.0 0.8178587299348523
539 167.83125 27.825854209995022 0.1952046004903746 0.032337447064926354 0.66786386510626 0.25 1.8 0.8438250670558006
540 198.15675 141.3823962671045 0.12503711177292298 0.08921520425953464 0.2641054881350732 0.5 0.5 0.9326464580155833
541 209.0 45.592909784701845 0.20226086950581215 0.04415046136003532 0.5804820237218405 0.2 2.075 0.9776889726830396
542 153.14225 34.89839333573908 0.19811219784476866 0.045469326983728894 0.6188347985405698 0.2 1.975 0.7819687764456892
543 190.683875 121.63336312549852 0.14035808737514077 0.08945036145057364 0.29489718031852946 0.5 0.6 0.911344701067765
544 172.637625 53.547917420231734 0.16520528237552332 0.05065136591759769 0.4094679428866524 0.3333333333333333 2.35 0.8976733272731123
545 186.494375 47.22229135444772 0.17966986034795762 0.045614477688114746 0.5084026930947882 0.25 2.65 0.9370897128573595
546 171.140125 39.121194297292206 0.18580414214914392 0.04212696512454744 0.5885613373114316 0.2 2.425 0.8693491456301515
547 187.698375 130.7458710259939 0.13405734181783246 0.09303742568723301 0.05434616080017752 1.0 0.0 0.9457079599827181
548 214.375 5.993078501947348 0.24510657033313488 0.006900401914654339 0.25 0.5 1.0 0.993181226556103
549 188.176875 104.01832742786813 0.12982318924607766 0.07176063173821759 0.4406820374560233 0.3333333333333333 1.1 0.9183671257628991
550 179.9135 139.27614311037138 0.13313393695768003 0.10281123615359451 0.10099533466666194 1.0 0.225 0.8788598138095608
551 191.625 17.585764885318987 0.2155043166613065 0.01993044759400271 0.5 0.25 101.55 0.9520919867247568
552 204.940875 146.7277264222114 0.12425476060813903 0.08896362520900522 0.27150237557684154 0.5 0.6 0.9626401064938381
553 174.74625 89.76399947350632 0.1451454976886103 0.0742322068542637 0.268802477522338 0.5 75.475 0.8524305487662117
554 197.714 198.2477955705274 0.12339950020949844 0.12373518423444146 0.06908116774506991 1.0 0.0 0.9448843218796538
555 176.155875 79.05798989232298 0.15632185552838937 0.0697582198788264 0.46021923598121944 1.0 0.9 0.8790180018762542
556 152.093125 72.85707380847668 0.16768174072868733 0.07875622428220518 0.07332628024290644 1.0 0.9 0.8037605133991896
557 203.644625 194.62444611078058 0.1268036971460197 0.1211532217458068 0.13881706996455195 0.25 0.0 0.9733321276612883
558 179.482375 149.5328552734752 0.11978954967375045 0.09965221487524087 0.06301242516954927 0.5 0.1 0.895387260997776
559 211.377125 111.18321341302473 0.13086135999414147 0.06878742084799509 0.4182769513097644 0.3333333333333333 1.5 0.9892211768964073
560 182.7145 57.48052610386868 0.16239024940987987 0.05120700896401347 0.4118702611832494 0.3333333333333333 2.0 0.946364769037079
561 200.465625 183.7114399936154 0.13006221932097053 0.11911687545692681 0.06371663278931701 1.0 0.25 0.9576794274470031
562 159.875 35.85137651818137 0.20062816434528058 0.04545873178772781 0.5 0.25 0.8 0.7875952976450177
563 200.969125 48.90491023898164 0.18679706492189968 0.04534908181784438 0.41828132313968236 0.3333333333333333 51.675 0.9655322650687878
564 176.375 8.252421090043416 0.23758385119447809 0.011228855017725435 0.25 0.5 1.225 0.8989666681221589
565 199.514625 196.5423018818571 0.12531485617921043 0.12344089594917058 0.11405190678243521 0.5 0.325 0.9464312937135388
566 206.983125 205.8252663162696 0.12213995479133684 0.1214559496996226 0.06776731267171274 0.3333333333333333 0.0 0.985071370537687
567 197.145 139.47363281060552 0.1250160424402097 0.08844622650207887 0.27350237557684154 0.5 0.45 0.9274321479839103
568 178.846625 79.46650871829826 0.14234748654686985 0.06305796308824357 0.46843365867999337 0.25 1.925 0.9199464032502623
569 207.357625 205.88857043793027 0.125445341843804 0.12455448289038235 0.07843974113410103 1.0 0.0 0.9796316107417132
570 207.08675 203.32644997354626 0.12580998787288766 0.12351358538262046 0.06533993618557607 1.0 0.0 0.9796879731827882
571 209.50825 209.00707538062244 0.12477950245857092 0.12448500004393839 0.11230414617230744 0.14285714285714285 0.2 0.9886552942111259
572 198.3175 75.20691624681196 0.19275092879502595 0.07269957895870303 0.026444477461942915 1.0 0.75 0.967831488875179
573 185.058 43.0201280887192 0.20456736660495903 0.047542285204217834 0.5241964445208226 0.25 1.475 0.9271683547636816
574 181.80625 60.14583003292602 0.1665351073725058 0.055146511352097416 0.4006502171403489 0.3333333333333333 76.275 0.904212546786162
575 207.570375 203.9903724150852 0.12496142284849796 0.12279541025501339 0.06153436880101688 1.0 0.0 0.9826864739324138
576 198.988875 40.714121550358584 0.1900771014201085 0.03891384123924592 0.580938363390773 0.25 1.475 0.9425460175961898
577 210.07125 71.88716594875103 0.17466730369762895 0.05978784543977719 0.42067487111861435 0.3333333333333333 2.15 0.989597302882663
578 157.382 63.65490063185891 0.15336468700381464 0.061027558389787885 0.0934468650654958 1.0 0.75 0.8030278016652128
579 192.84925 174.21692666088617 0.12587862822051682 0.11367042130623574 0.15610823367293852 1.0 0.0 0.959174161272758
580 185.578375 186.9103972131668 0.12202190211210487 0.12289521981935403 0.03558750285206876 1.0 0.0 0.8969462612254566
581 157.5625 22.27746113365603 0.21431516776101175 0.030649340463493012 0.25 0.5 1.7 0.8151052191880623
582 167.873 25.50942717868923 0.20472303695893362 0.029085429945316155 0.32878932259611193 0.017857142857142856 1.85 0.8907786511496008
583 155.362875 25.466630020096904 0.21737640593831623 0.03260450662951544 0.048969776109891984 1.0 1.525 0.8519856398289707
584 194.228125 100.98903207248054 0.14622590607089334 0.07575967342517033 0.25940269309478836 0.5 0.675 0.9584955537053288
585 194.3745 90.20219924491825 0.16124064619873116 0.07409146059203418 0.10293248615712555 1.0 0.2 0.9514719998729292
586 163.354625 29.258370698191484 0.20262611614831416 0.03621520666821541 0.7053753504490384 0.3333333333333333 2.45 0.8513265725000653
587 207.77675 207.29360466299775 0.1244490538489607 0.12415304383393945 0.07643974113410103 1.0 0.0 0.981281537338481
588 179.319375 103.60456750019192 0.14629145431757334 0.08391604676702619 0.12454035300676469 1.0 50.225 0.8916537902396453
589 192.581125 164.14194024204582 0.1296270590462249 0.11035108902734998 0.09713890405812288 1.0 0.0 0.9430055581067932
590 201.581 195.0330587968148 0.12621448561130397 0.12208331079657476 0.04696977610989198 1.0 0.15 0.9604524784323278
591 198.880375 136.1536141571697 0.12711519646067337 0.08699385524451722 0.2678053861895767 0.5 0.5 0.9510504107021306
592 154.565 59.499319616969586 0.15569991961480503 0.06002947488159749 0.59826948035331 0.2 51.675 0.8252659215982399
593 190.15375 97.52690368863982 0.1625153214420364 0.08253250621780603 0.08162970029330814 1.0 0.5 0.9285789370439476
594 174.879625 55.06516659348273 0.19074445078765903 0.05817089208596609 0.11381392117663437 1.0 1.1 0.9149466437263618
595 182.802 29.133437197877154 0.2115286711348503 0.03398548444400224 0.5147995688078055 0.25 2.175 0.9470715578250493
596 158.51625 60.85319358194851 0.15083370272347604 0.05813372673441973 0.5770771990511286 0.16666666666666666 0.875 0.806297215363672
597 194.3865 183.9275056634388 0.12819661974334748 0.12124683621094505 0.05434616080017752 1.0 0.05 0.9357749656113644
598 151.2625 32.09652318806985 0.21238370595322817 0.04536076922836706 0.8257799826432234 0.1111111111111111 2.525 0.7852761414839644
599 192.008875 151.30291086618573 0.13959221105467562 0.10977252231335531 0.11344939320003411 1.0 0.6 0.9158240410909321
600 182.729125 88.77589277732966 0.15740282797507066 0.07610018278774748 0.295969776109892 0.5 1.5 0.8933232570749473
