0 188.54075 33.62784234710836 0.1957044751493017 0.034926770991440065 0.5926009941062272 0.2 2.1 0.9360924708820167
1 199.975875 66.88455409372199 0.18460289849059275 0.06175025946021865 0.48618469035822365 0.3333333333333333 77.1 0.9553888446226096
2 180.769875 135.81674981912275 0.139201161711818 0.1043378549802664 0.21581435797341567 1.0 25.5 0.9330180674527805
3 198.449375 24.215998509318226 0.2183105939283027 0.026828891174892077 0.2594055900805696 0.5 1.175 0.9690771082651571
4 193.918625 60.64883307316527 0.1748710944768257 0.054623582849341934 0.5167937514260342 0.25 51.825 0.9536791681729745
5 202.75 137.3123754245424 0.15214289728558514 0.10313147168171546 0.42381372928110955 1.0 0.2 0.9831482727175468
6 195.594125 64.54362730717102 0.18337236655352265 0.06050894462213011 0.4578677939147646 0.3333333333333333 52.0 0.9444311640765244
7 186.767125 91.99972308779373 0.1622103678279193 0.07924132813096761 0.24307053673573115 1.0 1.25 0.9554113801568246
8 183.402125 17.76013736818162 0.21663059379898236 0.021159210028225354 0.6540525616158828 0.16666666666666666 2.5 0.9172624124756131
9 198.00125 93.64925370653478 0.14997102217454006 0.07060985657406851 0.2943343352985692 0.5 0.525 0.9617435610068449
10 198.739875 14.197111676841763 0.23398467774044862 0.016836665873484164 0.2641054881350732 0.5 1.0 0.953718248650044
11 192.4605 171.90392984229666 0.12728183137257915 0.11366234156100354 0.21824058073082603 1.0 0.05 0.9531632652212944
12 185.868625 150.4401869942327 0.13595856491016273 0.10995684082634533 0.28228087387996087 1.0 50.475 0.9375364879530166
13 203.9375 4.305666658024879 0.2447835812182815 0.005208211849046908 0.25 0.5 1.45 0.9683346264119143
14 169.930625 13.577192711634194 0.22406305509267174 0.018074778957331665 0.2808934339080876 0.5 26.975 0.8815708566674895
15 214.5 3.099269067054359 0.24496847926450155 0.0035643512173195255 0.25 0.5 1.0 0.9889014133512269
16 206.70325 13.896611670699313 0.232740372430408 0.015919164325670573 0.24442733300993738 1.0 0.0 0.9821585425869394
17 201.92375 208.55430772617117 0.12294385035181754 0.12697955478812387 0.05607390169775633 1.0 0.05 0.9937471092413813
18 191.4375 75.76697909515326 0.16956377325066432 0.06710981319322698 0.0 1.0 0.3 0.9536141647498952
19 181.165625 147.71911432090917 0.13487040444595028 0.10982815771417843 0.1556768423135926 1.0 0.15 0.9310104259710239
20 186.9375 11.077673238100967 0.23509172646455398 0.014055256641295508 0.5 0.25 1.9 0.9321226511030544
21 190.993375 75.38187740805053 0.15934231213451122 0.06241619111304164 0.34527541470793155 0.5 0.35 0.9312772144869251
22 197.963125 61.91545356407406 0.18811868412890015 0.058814958255694785 0.4406776119833515 0.3333333333333333 1.9 0.9499197744688344
23 207.989625 61.83111940269201 0.19129240495701288 0.056830518697827355 0.453437808533827 0.3333333333333333 27.05 0.9869294649347496
24 199.5055 39.321734278723525 0.19840018578751992 0.03883459128971158 0.551952864019656 0.25 1.875 0.9670510556821341
25 202.83875 191.86909512890054 0.12663500622061832 0.11978530328919533 0.17085055942167332 1.0 0.2 0.9938414230222613
26 180.0555 147.47090390390542 0.13239462713181452 0.10834307896397187 0.24205297020273303 1.0 0.25 0.9220344639606848
27 193.013125 170.7628839501387 0.1315152271136912 0.11626771506672319 0.12511465438558464 1.0 0.0 0.960281132834573
28 203.0 15.698672783947503 0.22794412695179742 0.017756317478050135 0.25 0.5 1.0 0.9733873609651006
29 203.15925 57.173925238982406 0.19455132565571231 0.05470005909814986 0.4751768920292333 0.3333333333333333 2.0 0.9673448962813054
30 184.154125 79.53409841419322 0.19489953401768867 0.08393553103439867 0.48777379350979966 0.3333333333333333 26.925 0.9093066200909453
31 203.168 66.09572423773312 0.18459150073408215 0.06008997172439372 0.43917735031916055 0.5 50.375 0.9678262353049729
32 191.791375 33.546878193067 0.2077967908833785 0.036303685824367264 0.6006657347708181 0.2 2.425 0.946785621186732
33 194.40875 99.42388642191928 0.16185102196589782 0.08315704962932208 0.4118484804069933 0.3333333333333333 0.95 0.9544738880343474
34 186.942125 30.538160751138722 0.20202884586610878 0.032769009981777814 0.4423001682322698 0.3333333333333333 1.475 0.9325844498881865
35 192.68525 119.34193741050552 0.1309759437466258 0.08104152181837478 0.360910105224411 0.5 0.65 0.946005187993682
36 177.886875 60.33965615278481 0.17219554021704675 0.05884298041029349 0.42710643579064456 0.3333333333333333 50.875 0.9081064638855134
37 185.273375 156.43786240983943 0.1351933880940657 0.11404772132861186 0.17043606853102206 1.0 0.925 0.9393382199090039
38 187.1005 152.6855624597217 0.13570924123784506 0.11051287936119732 0.08248741960371964 1.0 0.275 0.9479087455752871
39 170.670375 73.53630783151291 0.17323940804955668 0.0736961940605662 0.2609619525850821 0.1 1.5 0.8888221185387162
40 198.157125 138.42713430516503 0.12647748316905044 0.08835544137359605 0.3728844175611817 0.5 25.75 0.9567840110972745
41 196.144375 182.60806310561154 0.12796890621720244 0.11912153265089974 0.16173440402282724 0.3333333333333333 0.0 0.97217218107019
42 177.073 125.68257420828927 0.14301746031546822 0.10117327090484018 0.13954877969680335 1.0 50.55 0.9037800583588298
43 194.393125 142.72365448085887 0.14193729563216834 0.10401934240443828 0.21456542321074468 1.0 0.0 0.9741407420748731
44 170.475875 41.319246188147055 0.19218904459719086 0.0447364321130826 0.2303870467126958 1.0 1.925 0.8592459347983138
45 205.4635 64.70842803055629 0.17707540239903738 0.0557385587112163 0.5276898093116329 0.3333333333333333 26.8 0.9802440857488018
46 197.8455 85.47034410731631 0.1441522187583884 0.06236656599571926 0.527180135351575 0.3333333333333333 1.25 0.9559449571886227
47 195.363125 66.35129919581506 0.16616827989518113 0.05643412922388511 0.5273802916260786 0.25 152.05 0.9472214970258559
48 185.71625 47.802136380424315 0.19596846469926976 0.05029908349974673 0.4416776119833515 0.3333333333333333 26.575 0.8994352417308767
49 171.07575 113.00103971300926 0.1494911150927611 0.09836922512619052 0.2342237831840114 1.0 75.425 0.8938868814856972
50 196.926625 15.41930773330909 0.22579241445148612 0.01781095756573293 0.2735023755768416 0.5 1.1 0.9425080662563851
51 205.95575 144.62428969607018 0.12563015839871872 0.08820520405514919 0.30851168151178476 0.5 0.5 0.9860058673644835
52 189.61475 55.235825245600324 0.18578892059411464 0.054076078087242255 0.45110318017164414 0.3333333333333333 51.5 0.9536487286779082
53 173.32125 72.37680117577509 0.1675580206402746 0.06900007117219628 0.19944726269546326 1.0 1.6 0.8934055424620303
54 197.3575 133.47598390448368 0.13050732999400766 0.08823699451074443 0.3197803056216505 0.5 25.875 0.9605836144157481
55 191.051 48.24308684232058 0.18435150316606747 0.046380026704879174 0.5273861090078499 0.25 1.8 0.9241116254145758
56 192.24975 183.55633850825177 0.1270456485876938 0.1213108340807333 0.23088569120127161 1.0 0.525 0.9591689077025461
57 194.59975 138.26892969415616 0.14520654901491872 0.10340062344075417 0.260447135420514 1.0 0.875 0.965976781889913
58 189.613125 23.144763044180703 0.2102902245699022 0.02586824899678089 0.5042013465473941 0.25 26.975 0.9202165791779591
59 179.92425 110.58584666288982 0.14056549533676763 0.08599258804414975 0.23432718623177168 1.0 0.15 0.9439344092472655
60 183.8575 143.74733822491882 0.13971647844939208 0.10899743941763407 0.13806681375917218 1.0 0.25 0.9340100558579171
61 193.3475 142.55684354216694 0.1429374614720915 0.10511322765600423 0.14401274116935775 1.0 0.275 0.9706815716773808
62 199.25 9.331262847325375 0.2378194582647689 0.01122566286955632 0.25 0.5 1.05 0.9448377295578474
63 196.479375 98.64480710761514 0.14341579897960446 0.07177912471936802 0.32243066411068116 0.5 50.7 0.9655322650687868
64 209.8655 66.87537217202485 0.18876881167515808 0.06015256312740556 0.46897653681350365 0.3333333333333333 2.0 0.9862985788263912
65 198.449375 116.95746346805463 0.18330151090790506 0.10802558438617223 0.45269897161675987 0.3333333333333333 1.5 0.962865556258138
66 184.502875 110.77411609063294 0.1349055883019893 0.08084798675440814 0.31117385077503207 0.5 1.3 0.9164440279427588
67 185.725375 67.43599381547453 0.15709271371733988 0.05643259895282493 0.1247901960620468 1.0 25.625 0.9277203428967594
68 196.992875 126.38933031918012 0.1306196403811898 0.08375004856446053 0.3362812513207871 0.5 100.45 0.9668906093409113
69 181.145 109.39685660320055 0.147790286515182 0.08907931617113436 0.3478480174210211 1.0 0.9 0.9075710206953003
70 208.335 147.36450602237136 0.12604681188009723 0.08915844594152428 0.32379232821947723 0.5 50.625 0.988891643231959
71 184.565875 89.69462127911302 0.14160235198722326 0.06854588225819529 0.3490750223507534 0.5 25.825 0.9180278219791776
72 186.2455 174.08934192744672 0.12800180896216853 0.11965514380697334 0.32000400083659725 1.0 0.225 0.9420244689581848
73 189.395625 160.49120048343727 0.1319298016118352 0.11163227361569934 0.08883270322660243 1.0 0.175 0.949334351545019
74 185.074375 171.7918799565274 0.12657900748573722 0.1174527533770173 0.18274884653516005 1.0 0.3 0.935792247575369
75 206.77525 145.77472370478586 0.12536565817794385 0.08838066157101328 0.3343321063960303 1.0 0.25 0.9862888087071235
76 194.4375 11.686960793742376 0.23399945041003087 0.01417992763877154 0.25 0.5 1.15 0.9533766865918002
77 191.64975 128.06588287918237 0.13217886693473377 0.08827103344641786 0.2968363857958506 0.5 0.9 0.9483619033784183
78 217.3125 1.4812620347357728 0.2489187279982582 0.0017085127472567679 0.25 0.5 1.0 0.9979912293809826
79 189.10875 187.1170579847085 0.12197391603063899 0.12068940355491736 0.21500550607957453 1.0 0.075 0.9453168103069827
80 187.50625 119.01383852255341 0.13096230249397978 0.08305167468296856 0.3404477698591484 0.5 25.725 0.9438250717769102
81 205.56625 142.51936134452367 0.12747635579585034 0.08837850734527927 0.3637683959060261 0.16666666666666666 0.5 0.9786982430521807
82 195.2105 127.15694378544039 0.1287748238736033 0.0838219939249757 0.33446731986780226 0.5 0.5 0.9604502201577987
83 191.740875 66.73628188250287 0.1971240883243086 0.06885044443593259 0.4254706837513895 0.3333333333333333 0.75 0.9413481196652872
84 196.215125 139.65496577352562 0.12567129618464123 0.08944673246219347 0.3288831237284902 1.0 0.0 0.9573964861043617
85 187.74425 104.3532140580799 0.13875110444271707 0.07693352093712455 0.3371116795816401 0.5 1.275 0.9403647722421532
86 187.67875 98.89567368233392 0.1310748091855162 0.06901668288100626 0.4626329752123802 0.3333333333333333 26.525 0.9317671944925967
87 196.07775 46.27882716924857 0.19856646276070122 0.04670903184595872 0.4464690261283797 0.2 51.9 0.9534818996292114
88 186.382625 149.62683773000236 0.13230179066929337 0.10609037542648882 0.20829774224328756 0.25 0.525 0.9407431565029366
89 207.625 27.56207377649399 0.21959586077978502 0.029192440615460807 0.0 1.0 0.175 0.9841391319854195
90 195.264 39.69266205926474 0.20487518297720475 0.041406700587284774 0.4338861978383232 0.3333333333333333 1.825 0.9543870860982064
91 197.117125 187.11396268559875 0.12653560106247191 0.1201240541882419 0.17885936439150207 1.0 0.475 0.9674489801814523
92 196.564875 83.41957743648568 0.17522965484545247 0.07345797981486721 0.23274822072885068 1.0 0.05 0.9532380387636389
93 186.747875 61.15757294619312 0.16671617990398574 0.05391186049436276 0.343732263646726 0.5 50.85 0.9328967015886278
94 191.31675 69.06253140680082 0.17062653421107404 0.06210120276700832 0.5167995688078054 0.25 0.575 0.9427151049194145
95 196.259125 18.352702109917853 0.21710468556001877 0.020450234401496552 0.5167995688078054 0.25 2.05 0.9539057470745396
96 197.12 173.8680405790454 0.13136055008576136 0.11584908753240696 0.2659923049429453 0.14285714285714285 0.475 0.9743500390124336
97 193.071875 165.25318126415112 0.13387091421258834 0.11444316518587476 0.1088269892001065 1.0 0.025 0.9653068153044846
98 208.855625 145.38394315757927 0.1270168762357105 0.08841555652062662 0.32241861625536716 0.5 50.7 0.9938414230222615
99 211.75 2.857960612024917 0.24590607480617915 0.0033429676680941586 0.25 0.5 26.125 0.9861944949262448
100 203.398 66.166574855146 0.18865406658240863 0.061354200672908026 0.4541147779659904 0.3333333333333333 2.05 0.9709092797162107
101 194.175 103.74230973420215 0.15435933840529736 0.08319458041772759 0.25840269309478836 0.5 0.775 0.964825476280817
102 205.566375 60.128496058781074 0.19200759023005337 0.056109675008665844 0.4338861978383232 0.3333333333333333 2.025 0.9820165073469843
103 185.80125 120.91531340865927 0.150025030569887 0.09765829728655209 0.3777023521393332 1.0 0.575 0.9383657717423992
104 174.0155 65.99303051070177 0.15668112544636442 0.05887176809148748 0.3417204727734872 0.5 26.325 0.8814419789585971
105 197.7795 62.82406531760376 0.1872154659536037 0.05945006723475212 0.43790224842341974 0.3333333333333333 2.0 0.9499859070291772
106 207.509 121.49543025246994 0.18478341664737294 0.10819331678870411 0.4586406035554138 0.3333333333333333 26.6 0.9892493581169435
107 196.0125 133.63940769641474 0.12849693411678373 0.08757760030070971 0.31768485363193755 0.5 26.075 0.9562365395132646
108 197.490625 18.152573655935843 0.2250118850950354 0.02105597456938613 0.37649515617730916 1.0 50.475 0.9594323088066542
109 210.6875 2.57777904933368 0.24581323866890262 0.0030294768455893205 0.25 0.5 0.95 0.9758135963219713
110 181.700375 142.05483646690453 0.13804200401754405 0.1076457451384975 0.13026576915991694 1.0 0.6 0.9215922054140885
111 188.6345 160.11532371704743 0.13383287190747603 0.11348070153860591 0.22565482013560753 1.0 0.875 0.9422239957764794
112 200.57375 8.77138620583116 0.232676799485336 0.010253626102318425 0.2547027950402848 0.5 1.15 0.9568403735383509
113 216.3125 1.3834244398501419 0.24833816715038562 0.0015993683621351282 0.25 0.5 1.0 0.9940593609418248
114 188.8785 163.04243244554183 0.13400483810102812 0.11561703474800158 0.23379051364078596 1.0 0.4 0.9411594921035255
115 193.393 176.6371055793683 0.1291014102658554 0.11794869505406796 0.2961860297165805 1.0 0.45 0.964891608841159
116 193.730375 127.60846181651164 0.12903916515367933 0.08495215281114432 0.33406094791123553 0.5 0.65 0.9466849246983772
117 199.415375 53.34378768380573 0.18841426626470764 0.05031772264251053 0.45749035016368284 0.3333333333333333 1.975 0.9566235647560528
118 188.148125 160.1294806837654 0.13097183203341273 0.11139924683790395 0.19934654460268186 1.0 0.35 0.9451845451862996
119 189.279 162.36275193728594 0.13403899509332537 0.11492610057193726 0.19865946688025043 1.0 0.25 0.9575362630697855
120 191.56625 178.71833693077025 0.1288683953038925 0.12020341276153271 0.1513139503281119 1.0 0.3 0.9552652204839266
121 205.9525 56.37137473355473 0.1963652300540033 0.0530129039945181 0.2511508000983207 1.0 0.1 0.981564478681122
122 193.476625 56.21419849927109 0.19138844865721572 0.05553987186508077 0.43866878802293274 0.3333333333333333 51.925 0.933371657904821
123 211.0625 2.6294600763423643 0.24668874947832325 0.003095751484272639 0.25 0.5 1.125 0.9842236756470323
124 202.488375 129.6972509248731 0.12943242571208177 0.08286499762402905 0.3680435614256429 0.006896551724137931 76.15 0.9754915745022614
125 207.58925 120.00113630599276 0.12493153348951772 0.07221539684710178 0.44407553179220155 0.3333333333333333 76.425 0.9902022660450117
126 186.414875 141.40993442898485 0.1417503284553635 0.10728902125823465 0.20132333750393366 0.5 0.45 0.9399127435762862
127 193.659125 67.61991442244705 0.16970301177096447 0.05924202223073482 0.5231964445208227 0.25 27.0 0.9350399956028592
128 200.70125 135.01292570553443 0.12839712174499646 0.08634750506892462 0.3305462014260026 0.5 25.825 0.9686175677545531
129 190.54125 170.4382947804677 0.13000339192283802 0.11625198587302475 0.1733908497784787 1.0 0.25 0.968039656675476
130 182.5625 26.08727475743089 0.20883802745636496 0.030373236854781226 0.5 0.25 1.375 0.9016965141974684
131 192.393 174.7965603950436 0.12795585409695956 0.11622793022847074 0.16877970469663517 1.0 0.275 0.9531534951020262
132 183.81425 165.50293598266708 0.12947227098550027 0.11646106390636224 0.1534223247297325 1.0 0.075 0.9288618783865857
133 187.27075 61.55541120075906 0.1871135149124388 0.06150405003728233 0.45787939170911085 0.3333333333333333 76.4 0.9155117893904905
134 202.5 23.168556129380654 0.22309655677303988 0.025910745895223172 0.5804820237218405 0.2 1.9 0.9711163183792414
135 202.62325 67.34458354955882 0.1859979069984654 0.061811150573620396 0.43966878802293274 0.3333333333333333 26.95 0.9651670383390629
136 204.41725 145.6243298495163 0.12597014319719774 0.08973692688151962 0.3344673198678022 0.5 0.5 0.979423442941418
137 196.65625 192.77501290099352 0.12360206973276888 0.12115767728843195 0.12511465438558464 1.0 25.25 0.9799893256266983
138 184.19125 41.70321274126305 0.1994206803610601 0.04502188319269591 0.4465354040271054 0.5 0.525 0.9252118221528054
139 199.340625 15.41197881003558 0.22848829366290754 0.017537457343832955 0.2594055900805696 0.5 0.4 0.9613467656447916
140 197.795625 71.05362049950703 0.17850638589304568 0.06415692198524488 0.4335087540872415 0.3333333333333333 1.85 0.9488357305573468
141 195.399875 188.18503569609655 0.12626636194644017 0.12155657857356392 0.1161616198139404 1.0 0.15 0.9730957786404549
142 187.8615 127.970652236822 0.13728404932459232 0.09347083482587308 0.31492514030811647 1.0 0.475 0.9381880434371747
143 182.190375 91.11731512472282 0.14357238989607968 0.07153426621187263 0.3437171286083255 0.5 25.775 0.9154054472158142
144 178.050875 111.27812248571429 0.15719770295049687 0.09780273806760129 0.1904177591572344 1.0 26.15 0.9109922397529889
145 194.8995 161.26483461798688 0.12846359936623536 0.10614276597505404 0.11584898926984863 1.0 0.0 0.9791957349025879
146 180.703625 148.84573088711525 0.1356713719391654 0.11169848369079634 0.27819379663089655 1.0 25.225 0.9289452929109335
147 176.8405 114.1258832925574 0.15200965517172763 0.09769684783110301 0.2679241055908931 0.14285714285714285 100.725 0.894785685247219
148 195.8305 17.571616266383284 0.22873724977205512 0.020905231846311052 0.23293515024971112 1.0 0.0 0.9576978385482737
149 191.195625 139.71864903260342 0.13957995960076722 0.10175023322989458 0.1513139503281119 0.25 0.425 0.9565563030584455
150 184.090125 96.32475678632406 0.15043152735393858 0.07847484392544266 0.36540354450599055 0.5 1.125 0.9180841844202585
151 209.767875 119.88359004711229 0.12563997110449304 0.07180493745961783 0.4410711063195297 0.3333333333333333 1.5 0.9953222622958044
152 193.270125 38.9893315450855 0.2011896719128668 0.04037137725194775 0.4392841176471733 0.3333333333333333 2.2 0.9456083926316283
153 195.674 63.59567209752318 0.17671962298802085 0.05785549544959504 0.594528219887816 1.0 1.225 0.9583384947758987
154 192.68925 192.34837278918474 0.12407591440776765 0.12387540837384478 0.18348418402866967 1.0 75.075 0.9606681580773585
155 169.128375 80.09450293408855 0.15146798907202072 0.07130513301159018 0.32241861625536716 0.5 1.125 0.8531557486554493
156 205.3125 10.110934565644804 0.23802815608346764 0.011809411454447688 0.5 0.25 101.375 0.9631680378393136
157 185.418375 9.704026172855436 0.2364532309593176 0.012610922481261942 0.27285033823352695 1.0 50.35 0.9068653610445975
158 190.998125 44.0054137179253 0.19393096595139275 0.04452857910492585 0.44608270411387596 0.3333333333333333 1.675 0.9287882339815063
159 186.899125 74.06899422489963 0.15811572227915566 0.062882229838064 0.3288499518417293 0.5 25.75 0.918020310134445
160 191.483 79.22356706331038 0.15792954792322567 0.0649642768477829 0.38219182542768726 0.5 51.1 0.9408374702838171
161 186.116875 68.17428812955353 0.17025072596191484 0.061802921570544046 0.3568843913048325 0.5 26.275 0.9163974356209509
162 187.283125 145.37536643658942 0.13200298590846476 0.10225841090157532 0.14104055814400923 1.0 0.525 0.9526980790243688
163 193.262625 97.01817689737716 0.1342790011428927 0.06734848847404579 0.4715672515547965 0.3333333333333333 1.5 0.9399811344111587
164 201.723 129.43774139957003 0.13062226764470125 0.08376887711202564 0.3736544913418223 0.5 0.5 0.9739164214478385
165 200.6875 6.292975736478817 0.23998175244772446 0.007584349234780205 0.25 0.5 101.1 0.9573867159850963
166 196.073875 1.9982963806922969 0.246595465314297 0.002541003719413565 0.5125982222604113 0.25 1.425 0.941724245651543
167 184.23125 103.49683145603333 0.138425806608831 0.07762737173773641 0.39852095028990964 0.5 1.1 0.914784331226723
168 198.553 65.91391406087124 0.17277146114418143 0.057322706330464726 0.5315816381734729 0.25 2.0 0.9569715095217709
169 206.93375 65.26931033349673 0.18929866885414526 0.05968653598739131 0.4568677939147647 0.3333333333333333 52.0 0.9829596451557867
170 187.139875 161.8212150726182 0.13374124938689932 0.11553947160659851 0.1305908765193099 1.0 0.5 0.9384623437978113
171 199.2055 121.83887923979128 0.13545292626190927 0.08277532317092758 0.3826510293337352 0.5 0.725 0.9662499531132853
172 181.2955 120.1281069110805 0.14642896113707032 0.0966169309826482 0.2198792350838419 1.0 1.15 0.9271631011934819
173 204.62025 63.2130419713521 0.1772250643537518 0.05468907109180432 0.5399668318261232 0.25 1.75 0.980280907951342
174 193.3075 27.727343465686825 0.21702104931983177 0.030809752340855888 0.44130016823226975 0.3333333333333333 2.0 0.9491055143689269
175 174.991625 31.180874792994832 0.19298794321582374 0.03409597968136295 0.5473857069147301 0.25 2.7 0.8756997375814494
176 196.8325 185.37643158664204 0.12649297927211395 0.11913027013368563 0.18221150210695425 1.0 0.475 0.982364452112703
177 193.56625 54.71078953916314 0.1896224167508149 0.05351742128553048 0.4216748711186144 0.3333333333333333 2.075 0.9534525892714095
178 184.791625 112.02509446366605 0.15404372772423566 0.09292677318224173 0.21931818106522066 1.0 0.65 0.9367060750263666
179 191.339875 177.25276503023463 0.12832633522715298 0.11881477032113393 0.1594184367999526 1.0 0.275 0.9559438280513575
180 218.375 0.7254653799809861 0.2494249690588002 0.000834330080516706 0.25 0.5 1.0 0.9988400534089026
181 178.177 49.444793499422694 0.19507811690138338 0.05222599883129219 0.13909151138711856 0.3333333333333333 1.7 0.896236085025695
182 199.015875 107.30172618885805 0.16052260945341432 0.08594371270502739 0.18129368676972085 1.0 0.55 0.9715033436220275
183 175.418 28.001387713445443 0.20927297821976978 0.03300182576688375 0.4508580676738077 0.0022522522522522522 1.85 0.9115449649072095
184 192.615125 163.5995269227107 0.1329532701623318 0.11283726646064011 0.20486914125977052 1.0 0.2 0.9674369517876548
185 183.899875 167.57285294792428 0.1285534495050607 0.1170749298687098 0.1626489975321881 1.0 0.35 0.9386866644248469
186 194.38425 170.3726424575962 0.13282117630504228 0.11634772430479319 0.1513139503281119 1.0 0.4 0.9753484101250429
187 179.62875 65.66750662615124 0.1669452284328194 0.06104386622022494 0.5241906271390514 0.25 1.775 0.8983391694255933
188 195.429375 65.48505079382593 0.18514455718858336 0.062042349462786334 0.44431176602661604 0.3333333333333333 1.8 0.9404147519757542
189 198.180125 65.17486444684877 0.17467983675925888 0.05755247469373816 0.2935893880750414 0.5 0.35 0.9518721826467771
190 190.076 58.256197204178115 0.18562756941068095 0.056681091583428087 0.33379102632511415 0.5 1.0 0.9340773175555241
191 196.97775 194.31164303292272 0.12385060451523708 0.12217489205025507 0.1626489975321881 1.0 0.225 0.9734264414421674
192 191.387875 10.701699584384475 0.2283277686907524 0.012872204082768793 0.2688053861895767 0.5 0.975 0.940252047360004
193 194.32525 183.17916461075725 0.12707310204832659 0.1197966887785931 0.26700817855881215 0.2 0.0 0.9677112521482915
194 195.3125 59.39917881545445 0.18118042671614104 0.05510127904958669 0.0 1.0 0.0 0.9686825711776318
195 190.045125 174.01384397215162 0.1289623590929927 0.11805165774944618 0.18507752221707352 1.0 0.4 0.9489007339804243
196 202.913375 25.57765502344772 0.21679303312913462 0.02671532386411496 0.46808688363583073 0.3333333333333333 1.35 0.9762351854927702
197 200.69075 126.1499628998692 0.1341910268881813 0.0842690662211612 0.3237923282194773 0.5 25.85 0.9733787199830962
198 200.238625 36.98484993685983 0.21022224618573637 0.03880634094115228 0.6343480128094435 0.2 2.25 0.9598756964905161
199 194.129 181.23282290248198 0.1288300779526859 0.12025654098409987 0.1279881083393583 1.0 0.2 0.9699184204483374
200 187.567 25.47820715817003 0.2111662338427234 0.028610830921369155 0.5966406509010228 0.2 2.225 0.9373553722359974
201 208.231375 70.62090330632584 0.18543989623497167 0.06289309348280121 0.4548313028700052 0.3333333333333333 2.0 0.9829510041737834
202 187.148625 112.6779467031951 0.15289130099250606 0.09163256811597595 0.24109839758084267 1.0 0.4 0.9341998125569413
203 194.161625 192.55636638351766 0.12367928935267844 0.12265239344350205 0.17482154867660157 1.0 0.45 0.9634032577228792
204 184.89225 44.18326798611413 0.20072811645803987 0.046878217676947734 0.3223658449099953 0.5 51.175 0.9420308516656624
205 180.951875 150.8465077034206 0.13181003191089946 0.11013329102641223 0.4503783251484328 1.0 0.3 0.9219315091978036
206 196.9155 147.60995380975268 0.12496147558000195 0.0936430741164859 0.28832568921398644 1.0 0.0 0.9597825118468993
207 202.1875 8.547169167916138 0.24062986928636323 0.010251342922430018 0.25 0.5 0.9 0.9573401236632885
208 180.14625 49.426039945090366 0.18946489177788545 0.050315575545283354 0.1194772553188319 1.0 26.325 0.8951715813527418
209 196.545125 190.82923826406423 0.12682217880585892 0.1231287958459836 0.14424629727961313 1.0 0.0 0.9755663480446045
210 197.194625 184.36958969184744 0.12914570842535086 0.12071286781142214 0.15084169500036743 1.0 0.175 0.9748779703579079
211 204.303625 73.5978670635022 0.16824585653785334 0.06061167591703563 0.5305816381734729 0.25 26.85 0.9691086768974881
212 204.875 4.363825013677795 0.24268916335147359 0.005208719603434352 0.25 0.5 1.2 0.9648840969964236
213 185.398375 168.56759906615085 0.12732354534491142 0.11567570732412737 0.16230747625808317 1.0 0.55 0.9378194292956542
214 202.10375 134.8515452432608 0.13271478352163787 0.08850690747766526 0.29128052470395305 0.5 50.8 0.9744920742523864
215 194.61 113.98072766868269 0.13577544687940485 0.07942882271886914 0.368890831299524 0.5 100.45 0.9522287683944973
216 188.922625 66.76441412614187 0.18290437753205985 0.06467080289290236 0.4368978499356729 0.3333333333333333 1.8 0.9315969780321072
217 189.523 182.00347712580407 0.12576415432040894 0.12071994951212463 0.13898335944831547 1.0 0.0 0.947759198490597
218 165.937125 30.042270066798483 0.19832945663403337 0.03623820654235419 0.6589646841402051 0.16666666666666666 2.15 0.8464767521769752
219 195.19825 183.7771167548916 0.1283103044119312 0.12081705979985435 0.20486914125977052 1.0 0.0 0.9628753263774049
220 201.541875 39.99474953620553 0.20790716251818864 0.041529744931894146 0.2547027950402848 0.5 1.2 0.9758199790294454
221 195.562 171.35763683206298 0.13250572160051824 0.11602537533783717 0.16059269457275097 1.0 50.675 0.9652797632212127
222 210.75 3.2174637046848455 0.2461759756783908 0.003785743881581273 0.25 0.5 1.0 0.9771524003555614
223 190.355875 54.72893184775375 0.1823046033445282 0.05235243868786058 0.4304838795417263 0.3333333333333333 2.125 0.9414683563921759
224 175.468625 27.228975436041523 0.21524949885910533 0.033153849696268355 0.4294751092240614 0.3333333333333333 27.275 0.8724757870675236
225 194.9335 44.24074238201229 0.18662318041447387 0.04176042537816244 0.4682326231926137 0.3333333333333333 52.2 0.9565074524621098
226 172.4885 22.80489171605886 0.20800676275178007 0.027723003949724007 0.716204370477204 0.14285714285714285 77.15 0.842925526273131
227 195.19275 12.990996229463407 0.23001510339948913 0.015535983119070255 0.25277804096024437 1.0 0.0 0.9459206443320705
228 209.125 3.732406119652276 0.2452738518768966 0.004409976044263567 0.25 0.5 1.05 0.9748986397337088
229 195.6965 102.3222674228141 0.19029074177330443 0.09941334045689994 0.4645073163474005 0.3333333333333333 1.5 0.9468269599383294
230 206.3975 1.3167005817261823 0.24727189978276487 0.0015961889743414885 0.28927863948098037 0.5 1.075 0.9768953819589302
231 186.21675 29.299671970075952 0.20944204806907354 0.033146017071410086 0.22728011402655 1.0 101.15 0.9325573978049134
232 196.75375 58.70205108362162 0.1902727115149237 0.0567128186505791 0.4348861978383233 0.3333333333333333 1.975 0.958734161000689
233 176.598375 128.13437849660207 0.14173058776821057 0.10268956136561298 0.27229598010135714 1.0 1.025 0.8972280734308304
234 197.078625 62.788711522827406 0.1895316997710966 0.0603552118698059 0.44030016823226975 0.3333333333333333 2.075 0.9515317497257977
235 212.5 7.368298145680386 0.2357572404467864 0.00823097383062481 0.25 0.5 1.2 0.9919269661841255
236 173.0075 54.42831855915247 0.18703239202666025 0.05921689391396143 0.4320268157337861 1.0 0.35 0.8874280812013153
237 191.7285 46.36915226260467 0.19039855690701693 0.04557407985030765 0.4658571073534986 1.0 25.95 0.9317965048503989
238 191.08775 66.24550796599009 0.17231862225069153 0.059125411644455166 0.31988003339471915 0.5 0.65 0.9434684860291894
239 218.8125 0.15088834764831846 0.24978452967551198 0.00017341336050063344 0.25 0.5 1.0 0.9995002498750625
240 218.8125 0.0625 0.24992812113235005 7.18788676499778e-05 0.25 0.5 1.0 0.9995002498750625
241 188.806375 19.326343557094567 0.22341905877511295 0.022175437377673645 0.2790994749689763 1.0 0.95 0.9359906452563981
242 190.7995 57.86995954856802 0.19070425372303884 0.05779499950198512 0.451480623922726 0.3333333333333333 2.0 0.9238948166322781
243 202.21 52.755530371932316 0.19478083046805658 0.050705798961675694 0.4588677939147647 0.3333333333333333 27.05 0.9757636165883693
244 205.516875 20.901273165033963 0.22691382668986765 0.021727012441378656 0.15152535765497563 1.0 0.05 0.9787914276957972
245 181.828875 69.7331407403048 0.1811401614709351 0.06831961371902705 0.22725021582441113 1.0 1.4 0.923938021542292
246 209.0255 147.06613600101207 0.12552645176482297 0.08831719003769185 0.3060155072160575 0.0070921985815602835 76.1 0.9943791244870042
247 182.62 40.941490537300915 0.20425505940043565 0.04559723134094194 0.46440972574988915 0.3333333333333333 27.075 0.9059297350805361
248 199.622875 126.56162450621262 0.12820539267234035 0.08122461375790836 0.3305552561294891 0.5 75.925 0.9727282936362038
249 178.628375 38.54259319996189 0.1865249669200795 0.03943699866547781 0.47802732735268616 0.3333333333333333 51.85 0.9088977963350953
250 188.744375 179.72889926643393 0.1266483809063897 0.12054314619792919 0.0994227111527986 1.0 0.3 0.947976007272894
251 190.9405 52.41249676118369 0.18682892621258748 0.051168242498995035 0.5441505835623461 0.25 1.925 0.9351895426875496
252 205.4335 139.62623709102013 0.12799132355145465 0.08696104495736418 0.3344673198678022 0.0070921985815602835 50.875 0.980112949765381
253 195.7315 85.46939153496339 0.1565231954732249 0.0685691453660157 0.4081020051914358 0.5 25.725 0.9562083582927282
254 197.89625 55.52668828479237 0.18782404072510833 0.052634468320619646 0.4642818749448343 0.09090909090909091 2.0 0.9438198182067012
255 178.011 105.78456842268153 0.1561043604360441 0.09215781644010507 0.16848929152499073 1.0 0.45 0.9103895348651677
256 189.758875 5.1331564619466405 0.23873890565235462 0.006513877708006408 0.2688053861895767 0.5 1.75 0.9107788183824853
257 187.00775 68.77151756649778 0.17233027369346143 0.06287796110746145 0.3417139977594568 0.5 25.85 0.9183877951386975
258 193.6875 21.4225567989465 0.22213524171805124 0.02321682587874319 0.0 1.0 0.025 0.9458165604319233
259 203.768375 138.68693019112396 0.1278514770072694 0.08700911265954335 0.3375092463873554 0.5 26.075 0.9771610413375631
260 185.272625 170.77387295438638 0.12975138066378744 0.11953452571912349 0.17205524089127694 1.0 0.4 0.9244595701802927
261 195.349 178.11727961908502 0.1307197399824736 0.11915327304001212 0.17692281274942637 1.0 0.175 0.968117817629615
262 198.4415 15.479698969170697 0.23197418664302819 0.01762191345418995 0.2709606897670242 1.0 0.0 0.9627039807796518
263 186.935125 33.271590778884885 0.20153266747616239 0.035637636185004894 0.45446987410591466 0.3333333333333333 52.2 0.9287100730273681
264 195.75 50.36267196827838 0.19792719919110216 0.05092282302151504 0.0 1.0 0.025 0.9655897566471239
265 183.71475 36.50196187416242 0.2007279824599813 0.03971035448943534 0.44807553179220155 0.3333333333333333 76.95 0.8998590891762046
266 198.7685 112.12839511899664 0.12665916827448825 0.07143766912871838 0.44609158237729796 0.25 1.3 0.9596318356249451
267 194.87375 15.676914225189016 0.22546624790633651 0.017924747386868844 0.2592117947415921 1.0 0.125 0.951776739728633
268 194.734 70.69888653615862 0.17989217280077435 0.06516862458791797 0.48709701716620124 1.0 1.15 0.9544250374380113
269 199.821875 135.06035634008953 0.1267180539399438 0.0856246225895278 0.3085057322117306 0.5 0.5 0.9743586799944365
270 205.9375 13.985163397841475 0.2393870867901848 0.016377836199587797 0.25 0.5 1.075 0.9813551817435633
271 189.547375 45.53929525204575 0.19943919612506786 0.04774368184936238 0.46703228199880736 0.3333333333333333 1.95 0.9365185766018727
272 201.77875 88.89100027851357 0.15925794983818004 0.07071232694238767 0.25840269309478836 0.5 1.125 0.9791968640398531
273 196.53875 115.32639509758066 0.14105445191679358 0.08261279869306007 0.3178918252686217 1.0 0.15 0.9658065654294232
274 218.3125 0.8332079667317723 0.2493530901911502 0.0009582407226499223 0.25 0.5 1.0 0.9987457396280225
275 190.6175 22.26413578730537 0.22287436531701196 0.02554434107306047 0.291043123231947 1.0 0.35 0.9154467859674126
276 199.696 57.130400445754816 0.1904458328169523 0.054421787630256874 0.44130016823226975 0.3333333333333333 76.9 0.9608286044185832
277 207.606875 143.493088057132 0.12686359992916554 0.08767538437484648 0.3060214565161117 0.5 0.5 0.9891648144553317
278 194.554875 156.87527569166394 0.13265450911339982 0.10681648647869568 0.14569838709663002 1.0 0.45 0.9710490566816337
279 189.25175 43.27277351994749 0.1918055946674814 0.04392931399454727 0.6097627714134787 0.2 2.05 0.9133902938893231
280 184.61875 141.61238602140085 0.14119236146692477 0.10810115686062198 0.18699377347915636 1.0 1.0 0.9373294492899868
281 187.963875 173.74208331808546 0.12771994334903347 0.11799864690791378 0.19100660671405104 1.0 0.25 0.9261106259143255
282 208.818625 12.634311569570285 0.23490855670524083 0.013399730004597233 0.23657353880250948 1.0 0.0 0.9877685188434026
283 196.206625 60.025571027123895 0.19067368818813563 0.05831053341555501 0.44569366256844795 0.3333333333333333 52.025 0.9534634885279409
284 196.6675 41.377123338676846 0.19399947088381103 0.040845193405620844 0.5926009941062272 0.2 52.425 0.9518037918119062
285 191.298125 43.48695615910788 0.19337209859443005 0.04402283331437009 0.5925937076437271 0.2 1.95 0.9413360912714914
286 214.25 8.628396070533622 0.23918118055339785 0.009698603553337648 0.25 0.5 0.9 0.9932766694742472
287 186.114125 158.06617845706631 0.13352978605891092 0.11330557708074039 0.18838495741144773 1.0 0.55 0.9439291556770574
288 206.51 72.98206980747173 0.1667179135763739 0.05891181351893224 0.5288208859927135 0.25 1.75 0.979310718059269
289 209.08175 149.10307503625674 0.12459686184874906 0.08885242829821155 0.30906924450982737 0.5 25.675 0.9946902470501817
290 200.14075 129.54874591679788 0.1321921591588951 0.08553806119938803 0.37319977912736013 0.5 0.7 0.9636677879642502
291 201.4785 142.41053265433274 0.12638182876952955 0.0893195044421177 0.30908116774506983 0.5 0.5 0.9796488927057188
292 201.005875 190.1780946191444 0.12655012238346475 0.11975930425004458 0.18838495741144773 1.0 0.2 0.9862129060275129
293 197.63 158.0260585271654 0.1379224427655469 0.11014079124504486 0.1918038212686061 1.0 0.5 0.9842973200521119
294 214.3125 2.9060568040898724 0.24531702760822555 0.0033499037003030603 0.25 0.5 1.025 0.9897306971406125
295 200.700125 60.45627054747759 0.18995970505021398 0.05717717681886481 0.4304838795417263 0.3333333333333333 51.775 0.9596881980660205
296 198.899375 60.257391537209685 0.19098868648652956 0.057819850972310675 0.4348861978383233 0.3333333333333333 2.05 0.9532955303419797
297 192.75575 184.00244286703852 0.1272422479733174 0.1214509723537878 0.1641913208592371 1.0 0.15 0.9572555800016744
298 206.359375 8.485816996180693 0.2373051106397605 0.009802359392224855 0.4714203210807462 1.0 2.0 0.9746622907128766
299 218.75 0.10825317547305484 0.24985624226470002 0.0001244978507602805 0.25 0.5 1.0 0.9994059360941824
300 197.623625 197.80301915279458 0.1235332890253052 0.12363724436035187 0.14596298664521185 1.0 0.2 0.9650163621171074
301 214.5625 0.5655821689602565 0.24890473465340301 0.0006607717289743629 0.25 0.5 1.0 0.9933048506947848
302 204.17425 141.41131098624652 0.12770180141744966 0.08843014433090426 0.30906924450982737 0.5 0.5 0.9819319636853736
303 200.683625 96.69756470957888 0.17233974350239864 0.08327200519893622 0.5243760074196689 0.3333333333333333 0.475 0.9850702414004229
304 176.837 87.62958139306484 0.14371709092634294 0.07090306004110229 0.35313008514061806 0.5 0.9 0.9062863208282566
305 201.17875 4.952853986437039 0.24379182770156893 0.006056902029577595 0.2594055900805696 0.5 1.075 0.9611017756419566
306 195.1875 70.71845402808496 0.1769605621033545 0.06411464553770169 0.0 1.0 0.525 0.9715856290091092
307 202.354375 119.30329665398723 0.13746910740511778 0.08095299062146728 0.33709953026562706 0.5 0.8 0.9796684329442543
308 192.84875 170.9961016005757 0.13191513790623952 0.11688188217941418 0.12511465438558464 1.0 0.2 0.9528521426581168
309 191.53 124.09615409090857 0.1334416599656343 0.08637128383382711 0.2943343352985693 0.5 0.85 0.9408949618621572
310 209.875 3.299380452512957 0.24688925239492396 0.003909995604180688 0.25 0.5 1.225 0.9841857243072274
311 175.38875 113.5030504458835 0.14683024202807451 0.09464198055296268 0.25371348604971466 1.0 0.625 0.913885527465202
312 187.643 176.7708313020271 0.12793166855095495 0.1205057144815765 0.1721873722431847 1.0 0.075 0.9473342219080039
313 202.05325 102.79019294439657 0.1835756206716679 0.09330792329294926 0.45718981333969066 0.5 50.525 0.980064099169044
314 195.627375 53.592842660988 0.19482788789067557 0.05326564873763354 0.45725156200998596 0.3333333333333333 26.9 0.954292772317326
315 201.8735 120.21227111892604 0.14128580803682508 0.08398613122267239 0.2943343352985692 0.5 0.5 0.9707022410531805
316 182.858375 93.31005962645303 0.14161000908196358 0.07196815317252613 0.2910982607156528 0.5 100.625 0.9236182579971123
317 184.424875 123.37369304093082 0.14864001565541501 0.09904474517396204 0.19790893667720516 1.0 0.5 0.9373099090514518
318 197.98725 50.89800538286992 0.19843639531641963 0.05090069753582621 0.46427739449664396 0.3333333333333333 2.075 0.9569617394025032
319 181.743 35.84721171340797 0.20552241682966696 0.0402530007395094 0.4335087540872415 0.3333333333333333 2.375 0.923842578624149
320 202.479 135.81173943512727 0.12714881748128232 0.08525261103817072 0.32378030562165055 0.5 25.725 0.9735587065628533
321 202.59025 142.27969973898672 0.12591819634008028 0.0884103840234927 0.3018432079391808 0.5 0.6 0.9775946589021587
322 191.320875 54.187809394320375 0.1760895070231475 0.0497554023320081 0.533777167339096 0.25 27.2 0.9445232195828763
323 186.545375 77.2076001710311 0.1463398715757481 0.060355811893645195 0.4684149435394912 0.3333333333333333 51.575 0.9242232211594614
324 190.376125 154.49145647011068 0.13741100168338855 0.11141694131546083 0.26864187148813545 1.0 0.0 0.9595818558913418
325 194.589375 13.66925815408709 0.23257311819737012 0.016465678323004655 0.2547027950402848 0.5 0.975 0.9349543228039825
326 196.80575 41.860178754905206 0.18385709569023226 0.03832509726009509 0.4541102975178002 0.3333333333333333 2.425 0.9621174287185706
327 213.5 3.8358715335137887 0.24665483171249308 0.004463177672647248 0.25 0.5 0.95 0.9914369861784552
328 187.421625 76.95509026126112 0.1467880036090148 0.060064340438508716 0.48616710889079584 0.3333333333333333 51.75 0.9364892662440708
329 195.546375 118.19425108050696 0.13181950539693058 0.07957515120410653 0.37137236188341227 0.1111111111111111 0.6 0.9509192747187094
330 181.749125 72.32798133862053 0.17006729302260182 0.06671174608873466 0.1878892277592453 1.0 26.4 0.9058267803176517
331 165.05875 21.37118035965143 0.2114713938603448 0.02741030787190563 0.41443099462094407 0.3333333333333333 100.95 0.8642866409576989
332 199.41925 68.24377177341029 0.1837913006550241 0.06290856536112256 0.4226748711186144 0.3333333333333333 51.95 0.9596220655056782
333 207.24575 71.44794539336836 0.1742426887287593 0.06006219765309021 0.5305581786837059 0.25 1.75 0.9853261306597899
334 171.376125 26.48838600545653 0.2152273963528354 0.03319685251425784 0.6077450483604093 0.2 27.1 0.8911972450247232
335 187.40125 176.07159190181892 0.12568350327597788 0.11810689679444196 0.23432718623177165 1.0 0.025 0.9368590095228501
336 190.29525 157.26487942180427 0.13418997759840545 0.11134471862578105 0.44163680176345865 1.0 0.175 0.9617131215117772
337 190.382 68.6901062855041 0.17426870872761407 0.06289523450871062 0.5283861090078498 0.25 1.65 0.9260347232347163
338 194.817625 119.88099155997517 0.13378232725348232 0.08223788647341386 0.3340609479112356 0.013513513513513514 0.85 0.9486839251981273
339 201.604125 141.7856694585828 0.12751121071479382 0.08967082381514951 0.3284108241760014 1.0 25.275 0.9781312312296361
340 185.018125 166.62558767925282 0.1298500209985416 0.11693244379483633 0.23997305894331142 1.0 0.975 0.9334073509700953
341 198.740625 47.69476036576982 0.19746804490005002 0.04724875283582611 0.42268364143627934 0.3333333333333333 2.1 0.9676537605699551
342 198.52 113.26419799253166 0.1258015564905873 0.07176276833632773 0.4470898214600318 0.3333333333333333 1.4 0.9629316888184802
343 183.559 64.08335376714122 0.16813878662934034 0.05876790379457584 0.5516067035632906 0.5 1.0 0.9130476026938109
344 194.37925 47.69734823492912 0.19939426958109874 0.04881374671583551 0.4507257364205625 0.3333333333333333 2.325 0.9332773441239411
345 209.375 3.2564306590757006 0.24341269093215653 0.0038135333850800226 0.25 0.5 1.025 0.9771426302362941
346 204.03125 144.92453169332705 0.1261872106638496 0.08961928750366702 0.27958750285206874 0.5 0.5 0.9788586893934035
347 192.742125 147.2619664477677 0.1302418960940866 0.09981609351164913 0.3315494804912612 0.5 0.025 0.9592534513641594
348 182.85525 24.897010452383206 0.21759962789883236 0.029499743949487144 0.5926009941062272 0.2 27.0 0.9075612505760339
349 194.94725 186.28645650890064 0.12667476353481838 0.12105767179066552 0.22129443777938856 1.0 0.3 0.9633089439419985
350 179.58825 37.072479004164535 0.20258890212841263 0.0415127668946461 0.4118946921416448 0.5 51.175 0.8866108258057267
351 199.338125 139.01732498721734 0.12692942465637458 0.08859615957070509 0.053065148334913784 1.0 0.1 0.9762840360891062
352 189.96875 121.24664255728851 0.13554225507318376 0.0862860839009882 0.23051731531359237 1.0 0.05 0.9383018974565877
353 190.056 118.6625974715314 0.13395603969426206 0.08363572058119384 0.19200301966059785 1.0 0.0 0.9365392459776715
354 199.026125 65.84351361869658 0.1816520544752989 0.06009156563569857 0.4392841176471733 0.3333333333333333 52.075 0.9610735944214185
355 195.984625 197.195903322187 0.12287486030474656 0.12363922770800344 0.1443139503281119 1.0 0.0 0.9654499796817021
356 183.30675 136.06315962166005 0.13672870163119918 0.10126286408455953 0.22061210000106263 1.0 0.1 0.9299177410775369
357 194.4855 124.9015175359206 0.12976560498753117 0.08327837020963921 0.3435985604121514 0.5 75.45 0.9528791947413902
358 176.984 29.209335292795135 0.21368310435110172 0.03488776391921061 0.46440521729853423 0.008547008547008548 52.125 0.9007511181141395
359 190.391875 165.1773290292765 0.1324194872619699 0.11475443028944854 0.12771328067207077 1.0 0.325 0.9546895676793801
360 206.898125 13.43889924580425 0.23374588821612963 0.015507902963120462 0.2086714289195022 1.0 0.0 0.9815362974605845
361 192.04325 117.53464956398211 0.13712933860495274 0.08381025314817409 0.3223611471746257 0.5 0.6 0.9353229369454986
362 200.266625 149.70007980436526 0.12407845246491786 0.09273153228097644 0.3132704219052195 1.0 0.025 0.972681701314395
363 207.145625 10.14509253785697 0.2304958069648156 0.011362799671474438 0.25940269309478836 0.5 1.525 0.9800922803895828
364 193.185625 189.6342530469684 0.12418325499837178 0.12189645369153027 0.17043606853102206 1.0 0.6 0.9589618690395167
365 206.437 71.37592246673242 0.17029538926049148 0.058870458924788864 0.5379609671475272 0.25 26.8 0.9859949681079523
366 192.659375 40.37640360924804 0.20447311898753207 0.043133005661731144 0.23809364971127978 1.0 0.075 0.9365858382994801
367 178.430625 124.24608039488217 0.14204843990489013 0.09856088863147017 0.1271855091106228 1.0 0.725 0.919450040537122
368 181.87325 109.91817392265008 0.13207140325580852 0.07960536792787863 0.28559501736974424 1.0 0.575 0.9211108663904215
369 202.375 3.515023429595774 0.24407428138814385 0.004272650470637206 0.25 0.5 1.175 0.9667778844587622
370 211.8125 4.441176536683997 0.24159989977497281 0.005101720071820118 0.25 0.5 1.1 0.9848459207733874
371 179.012375 146.83584901225566 0.13544825982474315 0.11122597742658523 0.32750473208508585 1.0 0.3 0.9253906795952965
372 194.051375 124.44792289786682 0.13197733815894783 0.08457251839146641 0.33446731986780226 0.5 0.6 0.9568294742818183
373 188.17625 107.49187456967698 0.1407912743337597 0.08032861087886763 0.44356765586404684 0.5 0.975 0.9340382370784533
374 213.5 2.0447803612267754 0.2479530589341439 0.002391756032327633 0.25 0.5 1.0 0.9882130356645294
375 209.13275 73.79169547416987 0.1675364158805355 0.059108747567149844 0.5167995688078054 0.25 1.75 0.984950004673534
376 195.042875 47.225554295825816 0.18711385381475273 0.04518919644120585 0.4403001682322698 0.3333333333333333 2.0 0.9539632386528785
377 170.479625 55.41309378516914 0.17126960936662294 0.054848584049820064 0.35688439130483246 0.5 1.0 0.8620655781054476
378 205.783125 67.23350842801939 0.18468166894686733 0.060331445515607936 0.45586966546815394 0.3333333333333333 2.05 0.9817899284454218
379 193.357625 50.89378156163666 0.19650730321406057 0.05161387016176461 0.4338861978383232 0.3333333333333333 1.95 0.938217353794977
380 209.3125 10.472053808829752 0.2358841070477465 0.011885259432801703 0.25 0.5 1.15 0.975671561082019
381 192.353875 167.64594134653566 0.13203319430861335 0.11498574590644162 0.1513139503281119 0.25 0.0 0.9542191279122445
382 198.455625 119.83877655281066 0.13517612585809208 0.0815254852720354 0.31673259215051464 0.014705882352941176 25.675 0.967532394705801
383 183.098125 33.89935551090254 0.19982764850792295 0.0362449614939153 0.3260251471544336 1.0 26.6 0.9086073431477145
384 190.822 173.9524209716139 0.12926212861971514 0.11778015255628084 0.13356462090414695 1.0 0.0 0.952700337298897
385 188.791875 154.03479985681386 0.13105415615485247 0.1067628374031855 0.1513139503281119 1.0 25.325 0.9441384526146169
386 180.94275 137.70961141443107 0.1416588176315354 0.10748323839935063 0.13418550911062277 1.0 0.5 0.917046732830578
387 194.780625 52.70542793997207 0.19311005264987402 0.052173781111296905 0.43044106829650974 0.5 0.625 0.9549713798847562
388 196.40325 35.74868407569393 0.2097331943067445 0.037836403982890746 0.5291924169929912 0.25 26.525 0.9604772722410727
389 190.87 65.92599827542094 0.174468785562357 0.06028105423135185 0.44166878802293275 0.3333333333333333 51.95 0.933248033766139
390 202.128 64.44114291450437 0.17415839232862299 0.05545971486872319 0.42616668750290254 0.5 0.3 0.9662510822505508
391 198.989375 197.63396491143774 0.12455893409631383 0.12371692147815404 0.1513139503281119 1.0 0.0 0.9789995954960906
392 183.63275 168.39298466289756 0.1259117284527124 0.1153737045121843 0.14384169500036742 1.0 0.45 0.9252238505466004
393 209.540125 69.01961677954789 0.18734391919601262 0.06170884537871349 0.45623375050762327 0.3333333333333333 2.0 0.9879105540833539
394 187.13575 137.4203857683063 0.1393032662440204 0.10211480031997389 0.23688569120127162 1.0 0.0 0.9350106852450553
395 194.177125 195.9081173824764 0.1244138690703217 0.12550589686061395 0.08238573938234153 0.3333333333333333 0.15 0.9607440607569699
396 190.7685 184.49007105648354 0.12617850546917492 0.12201613634837512 0.21379556594248567 0.14285714285714285 0.0 0.9528326024195808
397 181.6235 112.69507692900744 0.152658285102219 0.09425174800850175 0.17805514400267153 1.0 1.3 0.9216290276166289
398 192.104125 47.69218434567269 0.1979715912446042 0.049031608300402374 0.4450755317922015 0.3333333333333333 27.225 0.9410824602866529
399 194.503875 57.0086371191582 0.17081610076271908 0.049989037181122964 0.5403956960601827 0.25 26.85 0.9371333098834893
400 202.65 70.47914027017957 0.16903940625491037 0.058783526797460225 0.5333762640982472 0.25 1.875 0.9739348325491095
401 186.701 54.709452281791556 0.18883325339165605 0.055275658273597185 0.44332064429003804 0.3333333333333333 2.1 0.9276357992351476
402 188.28525 90.13099302186717 0.1522839353407717 0.07258716384646512 0.3665428740763426 0.5 1.925 0.9347927473254949
403 198.9375 10.525490878487236 0.22911148093843525 0.012214548066626432 0.5 0.25 1.6 0.9464117534750054
404 200.494125 61.90556796669152 0.18667487768343802 0.0576073359632234 0.4403001682322698 0.16666666666666666 2.0 0.9653827179840961
405 191.721875 172.8731845882398 0.13100167606218457 0.11805762271765008 0.17682587271217862 1.0 0.05 0.9593477651450399
406 204.5 6.632661345113091 0.24166479735511429 0.007897794335774588 0.25 0.5 1.15 0.9583407530504279
407 188.64875 170.60838869532225 0.12817445965456162 0.1159027810553281 0.26362887317406725 1.0 0.675 0.9533398643892561
408 205.04925 68.83905069102994 0.1684005872120071 0.05647798838031526 0.5269592503049809 1.0 1.2 0.980752476855742
409 216.5 2.280915754160319 0.24665369716998067 0.002616602660830073 0.6462348620485163 0.16666666666666666 2.475 0.9967651502295426
410 181.911 31.839576366943714 0.20674456808414193 0.03584095545366192 0.35642292855361707 1.0 1.0 0.911201536690548
411 195.43325 195.13353395722288 0.12363598251694968 0.12344467744668283 0.1541235926830674 1.0 0.35 0.9635355228435648
412 199.67075 28.98232932402925 0.21632236946024297 0.02921643959273619 0.12964956945401568 1.0 0.15 0.960310443192376
413 200.120125 19.854466115421047 0.22734319269663184 0.021620601201793346 0.251111496011444 1.0 0.15 0.969221401779639
414 192.61775 75.58540530325995 0.14945155469349763 0.05838922117196622 0.4761932803734217 0.0196078431372549 0.5 0.9632198837313305
415 196.4195 63.351613398251445 0.1791197516467319 0.05776389834873471 0.44407110631952973 0.3333333333333333 2.05 0.9619115191928067
416 200.875 7.141023199154917 0.23664412406018606 0.008477747900476049 0.5 0.25 1.55 0.9566040245175189
417 184.144 58.95935572186337 0.18451096042715157 0.05878555769054348 0.3249236451770844 0.5 0.8 0.9103158904600879
418 194.149375 95.94782546573109 0.1495548482442162 0.07365205859678062 0.34054782874174694 0.5 26.025 0.9448843218796542
419 203.592125 146.0795854395149 0.12511551760037276 0.08978184068475553 0.3138150399507601 1.0 0.2 0.9819319636853732
420 184.345875 161.36636140313396 0.13297222574160597 0.11630668620085993 0.1513139503281119 1.0 0.15 0.9206415557605493
421 203.6985 145.59634968871092 0.12480637379612067 0.08920992640467719 0.3121970597563626 1.0 0.225 0.9752563546186929
422 204.88325 145.63645067909926 0.1255330404881734 0.08923285065068995 0.33132726106292093 0.5 0.65 0.980414302209291
423 179.19925 121.32811396724874 0.14918986105582357 0.10055821827137877 0.1311036977751427 0.3333333333333333 0.65 0.9244941341083049
424 199.630625 71.68375914271975 0.17545674331119201 0.06303582426036339 0.44369366256844794 0.3333333333333333 1.85 0.9667876545780287
425 200.76025 136.2439315914049 0.1264931648811196 0.08585213623029443 0.473058219522383 0.5 51.225 0.9623278547933948
426 191.9375 9.284138024247662 0.23744565446626587 0.011583285310325358 0.25 0.5 1.15 0.9249127279834242
427 188.05775 157.35148318881255 0.1340011196040681 0.11203744149338551 0.24492479121857935 1.0 0.75 0.9448072900627791
428 187.468375 46.56506082248417 0.19416632892222407 0.048094881045403555 0.44607553179220155 0.3333333333333333 76.925 0.9392134666330593
429 184.0625 15.00200693331924 0.2277147125708838 0.018724936948993333 0.6462348620485163 0.16666666666666666 2.375 0.9016499218756607
430 195.9375 14.467564194680104 0.2229160377600325 0.016585784559089132 0.5 0.25 2.0 0.9535946245113621
431 206.890625 145.44104107786896 0.12567058356298533 0.08833636588082919 0.29249520037532734 1.0 0.0 0.9870715001747015
432 194.469875 130.38736702367328 0.12750806849144178 0.08545941718015526 0.33419953330374014 0.5 25.85 0.953605523767893
433 182.759875 142.86376604547416 0.1357758003287933 0.10594950670102704 0.20377658117630104 1.0 25.675 0.9161719858566497
434 186.659875 14.741283220534944 0.2298021000849438 0.018302349536490178 0.2594055900805696 0.5 77.35 0.9412872406751553
435 206.99275 144.52891513129973 0.126265172963576 0.08816143880295099 0.3109868345464143 1.0 0.0 0.9909372360535167
436 187.96125 83.16093403992446 0.1514604400764946 0.06664013140214507 0.34947201611048895 0.5 26.3 0.9422315076212181
437 189.3845 16.473655451886 0.22713267105445914 0.01898769183251826 0.0755730472706037 1.0 0.05 0.9261388071348635
438 204.3125 4.311763323970439 0.24435063222752132 0.005196528412083645 0.5 0.25 1.5 0.9644591204138316
439 201.169375 102.7212150282643 0.1794396948124966 0.09141895377749297 0.32073859092570745 0.5 0.6 0.9754536231624564
440 181.461625 59.65009891332842 0.17451459937518876 0.05669749868403261 0.3849708141159428 0.5 1.775 0.9068153813109963
441 196.654125 49.03161192671233 0.19423482235556583 0.0483228981345128 0.4670169123965454 0.3333333333333333 26.7 0.9628632979836097
442 186.75475 158.60011588000208 0.13458588878977548 0.11414029722869716 0.14294386070275808 1.0 0.575 0.9467585691034563
443 191.030125 54.6602803205628 0.18245190551999524 0.05209267199632057 0.5241964445208227 0.25 26.975 0.9330778173056496
444 203.66 67.15177719885402 0.18611318078376787 0.06136110169141725 0.4216792696063614 0.3333333333333333 27.05 0.9695422944620833
445 188.908875 36.968299847538724 0.19970600932682164 0.038759535313095894 0.5283861090078499 0.25 1.95 0.9247511525049372
446 185.44025 101.57554781667504 0.14209380945286834 0.07764552293816507 0.3421825343066783 0.007042253521126761 0.75 0.9290970982701549
447 195.13775 127.68930420007821 0.1324819084387003 0.08665283762638037 0.37438204311566026 0.5 0.85 0.9571026455051901
448 179.620875 54.21188432073346 0.1802120114813465 0.05356278591604882 0.38736117364150596 0.5 52.2 0.9209665728759405
449 195.917625 196.21838257740612 0.12490362006559863 0.12509638478061574 0.11639235138355944 1.0 0.0 0.9654499796817021
450 198.205 90.27527387298329 0.1918220498059477 0.08716759924496129 0.4306337697834577 0.5 0.25 0.9662120017734817
451 197.8515 92.27501337336449 0.19036406432464725 0.0886003800408307 0.4503643432545771 0.3333333333333333 1.6 0.9682196432552342
452 173.061625 19.769820458206855 0.2193594118594919 0.024819213297647955 0.6877717656598871 0.2 1.95 0.9021342561950024
453 213.125 1.1152080662321604 0.24824025996472943 0.0013083175212035853 0.25 0.5 1.0 0.986958775292552
454 198.962375 198.99214892282868 0.12495105992738931 0.1249699059327476 0.10583934260732078 1.0 0.0 0.9792543556181932
455 210.5625 2.9057010546308737 0.24566633323715234 0.0034148734153562183 0.25 0.5 1.15 0.9794245720786842
456 190.87525 50.859571825940684 0.19127395696118993 0.0508841454252648 0.4548178611797097 0.3333333333333333 26.925 0.9253842968878235
457 195.464875 181.38628775037043 0.12717285048864246 0.11818089265256504 0.557467073765698 1.0 0.975 0.9605738442964786
458 192.9375 11.110802526585202 0.23670084820391685 0.013745613062687 0.5 0.25 1.95 0.9402899986998089
459 210.435 75.86888460924064 0.166481170171563 0.060029018899984035 0.5343879461586142 0.25 1.625 0.9903431721476993
460 173.76825 42.30544544823676 0.20266730643477865 0.04869438258004502 0.4930332164370834 0.125 26.75 0.8765203803888313
461 186.73 33.538633417763094 0.20219435091160398 0.03581307781046111 0.4744181199887874 0.3333333333333333 1.2 0.9401652454238542
462 189.5175 179.27175563027524 0.1284025266826681 0.12144995147585645 0.18604652564238158 1.0 0.25 0.9517192481502913
463 184.418375 27.65224496124712 0.21362736457341452 0.03109799175286753 0.2575180543435528 1.0 0.05 0.9160299506166987
464 193.1595 167.11979944037907 0.13235387076829572 0.11447268993568084 0.24393704991833276 1.0 1.225 0.9673903594658465
465 200.125 9.636099679664726 0.2364552678039018 0.011474158790548198 0.25 0.5 0.8 0.9578485147702291
466 217.6875 0.6311887195995491 0.2490639902184915 0.000727173583490005 0.25 0.5 1.0 0.998623244626605
467 194.891 137.72718140731084 0.14005359504920348 0.0987923985629727 0.2566469428218259 1.0 1.45 0.9693514086257932
468 190.15125 111.25966359350153 0.13732866283461612 0.08062251611588477 0.6433927786256882 0.5 50.925 0.8997918274785948
469 200.208 137.05073381053447 0.1274065580668091 0.08719820692003392 0.3197803056216505 0.5 25.55 0.9662326711492802
470 182.978875 123.38901811566667 0.14944417388219322 0.1004787227731398 0.273381782263844 1.0 1.175 0.9249766022692362
471 211.282125 47.97972537412635 0.1991966131126614 0.045264262482375923 0.5986730212333183 0.2 27.0 0.9916537949607523
472 187.988875 159.0219209108445 0.13266344048085557 0.11210414347274245 0.1991939090288906 1.0 0.45 0.9598550271147152
473 196.003625 182.46904044992996 0.12935340266583384 0.12041484062398411 0.17885936439150207 1.0 0.525 0.9644688905330973
474 187.55775 175.23801297238813 0.12840979393143986 0.1199657404109897 0.2428856912012716 1.0 0.725 0.9409415541839626
475 216.0 1.1907126239273433 0.24840760032780576 0.0013789748305596 0.25 0.5 1.0 0.9945211597269574
476 196.5425 104.99676041642778 0.1458993156630469 0.07770395497472862 0.2943343352985693 0.5 1.2 0.9648634276206239
477 210.67875 70.20265839657985 0.18692965615089144 0.06229131230940764 0.42507718941521133 0.3333333333333333 2.0 0.9940300505840224
478 194.016 161.83388898371206 0.13359453039746397 0.11130734448612009 0.1583139503281119 1.0 0.375 0.9666553894573428
479 195.7595 121.6781210611099 0.1332225669457084 0.08274338061332037 0.33046731986780226 0.5 50.6 0.9682857758155763
480 186.9625 112.3214716773456 0.15200830100907256 0.09082713020024812 0.17043606853102206 1.0 0.925 0.9521690185416294
481 190.0 49.31940316135806 0.19 0.04931940316135807 0.0 1.0 0.2 0.9338702788924943
482 194.674375 155.9179182973514 0.12946805314253154 0.1039657061910443 0.3567241873926846 0.2 0.3 0.9729439732812356
483 177.8125 21.39446672904968 0.22501208972342363 0.027328683372011206 0.6462348620485163 0.16666666666666666 1.8 0.9005722606716465
484 195.872625 109.10936757585642 0.12745067562373644 0.07096338725738235 0.43451184205843507 1.0 25.575 0.961346765644791
485 196.268125 177.98643677028326 0.1287398496321614 0.11668661255953795 0.09627453624843449 1.0 0.0 0.9736996126655408
486 194.839625 44.628607953010075 0.19214907601646058 0.043879167360859894 0.45882685007925494 0.3333333333333333 2.05 0.9542830021980591
487 201.8765 135.03772835473114 0.12956984379619269 0.08663849348524894 0.3115713927407429 0.5 0.65 0.9699759120266783
488 170.986375 9.300979834272258 0.2292979331544711 0.0128320073785643 0.5996730212333182 0.2 2.25 0.8690880028005816
489 206.601125 69.01672986585801 0.18536670808654115 0.06192969832880225 0.4467052603627941 0.3333333333333333 26.975 0.9799427333048912
490 187.874125 43.339901674343736 0.19308437844381907 0.04474503855996801 0.5966333644385227 0.25 1.175 0.9431735162927546
491 187.97175 160.43100717165257 0.13340171959493738 0.1137243704159277 0.14262436576991208 0.3333333333333333 0.5 0.9423942122369692
492 202.75 3.3721044441752075 0.2440851048909119 0.004091414171115121 0.25 0.5 1.175 0.9586984679354134
493 186.9585 120.61552116747082 0.15150157159649297 0.09739392077986178 0.21310926621087597 1.0 26.125 0.9489255277891677
494 200.42475 113.8189128796606 0.1584514499474443 0.09017469748912912 0.44647763049434913 0.5 0.7 0.9822701383318244
495 206.9375 7.386482935803335 0.23539176225694372 0.008463022673597775 0.5 0.25 1.55 0.9795741191633751
496 202.33425 56.883812883757884 0.19259051050968679 0.05407464178732572 0.4372796921745015 0.3333333333333333 26.975 0.9670999062784708
497 188.09875 107.44970992527041 0.13468895897891203 0.07680202343890445 0.3349091775222384 0.5 0.4 0.9436266740958832
498 176.32275 82.06022319466113 0.16208624564072788 0.07461366820033698 0.17767438171551264 0.25 1.55 0.9108772565963098
499 177.7755 57.79862486564614 0.18837460489012772 0.061239140761061524 0.44369808804111976 0.3333333333333333 1.775 0.8984421241884764
500 174.5605 130.84225540464737 0.13621067198133022 0.10178515974092987 0.15972029539548616 1.0 0.775 0.902600571529198
501 169.501875 64.75221937794149 0.1665573024720207 0.06343421222795187 0.4467047882909352 0.5 1.575 0.8734730290428698
502 178.75925 47.52749925203521 0.18754764309269645 0.048365123838214244 0.22685502971744492 1.0 26.925 0.9195507370254739
503 194.989625 190.41524939516344 0.12548884599534493 0.12255185860995749 0.17743606853102206 1.0 0.2 0.9634693902832215
504 204.08225 68.62646517634052 0.18709113021400037 0.06291765747990133 0.4274838795417263 0.3333333333333333 1.875 0.9767360647549719
505 193.14725 106.00347500092596 0.1380023671062118 0.07559762285944695 0.3517683957743347 0.5 0.7 0.9504552176590481
506 174.05 38.04368312677427 0.2006766175124736 0.043922203463856134 0.6067627714134788 0.2 51.75 0.8821389976272979
507 192.7345 56.8730337489056 0.1732555948361615 0.05105282818385818 0.550569458650953 0.25 1.725 0.9428548818848381
508 187.785 186.2660204661859 0.12391001545451336 0.12286965433371358 0.07948914243010177 1.0 0.0 0.9431866738238139
509 179.719 37.58367068613148 0.19097471307603342 0.039571299016739926 0.45978177218027017 0.3333333333333333 1.55 0.887959399958584
510 197.407375 73.46180589465695 0.15856841188891854 0.05903058451048549 0.5259969831964012 0.25 1.825 0.9547752404782582
511 201.8075 201.93002224079763 0.12496179554436754 0.12503821839353402 0.07948914243010177 1.0 0.2 0.9932473591164438
512 194.23 50.81999545523293 0.1899531704489086 0.049598083340423475 0.43287737387790454 0.14285714285714285 76.8 0.9424321635767748
513 181.455 98.28987256808567 0.15678728853704071 0.08428035535680345 0.2116747969480389 1.0 0.875 0.9314526845176254
514 184.63625 36.50349909340499 0.20140137623717802 0.03955262057664052 0.446709685835466 0.3333333333333333 77.1 0.9311979243955242
515 183.192625 89.55875462863011 0.1501707723971126 0.0731033735744458 0.3545494554112531 0.5 0.9 0.907760777394325
516 196.868375 198.9846618604823 0.12384988651051364 0.12518655154355077 0.14455703875484524 1.0 0.0 0.9743316279111627
517 207.3305 75.14828976809561 0.16517464858092676 0.05987172755157887 0.5393956960601828 0.25 51.75 0.9758981399835832
518 192.888 56.15534947407414 0.17351093546960397 0.05043830807804514 0.5597372099428101 0.25 1.9 0.9475596716723056
519 187.435 66.12001510984625 0.16752101236772757 0.0591015289203021 0.5475062607385753 0.25 1.725 0.9447757214304501
520 203.375 7.175926105117802 0.2383859885285364 0.008475242632523684 0.6462348620485164 0.16666666666666666 2.3 0.95535202242007
521 175.80975 44.17000149042335 0.21691474717230103 0.05449678933758561 0.5347713026605 0.25 1.575 0.9072997156303338
522 204.499375 116.49919735545872 0.1259933983503568 0.07177815572035891 0.4450191429478542 0.5 100.5 0.9848556908926538
523 193.063375 132.71328130331148 0.14409227033627967 0.09879080067770474 0.2150931947721927 1.0 0.95 0.9572924022042151
524 197.020125 170.80526287961936 0.1278058783031232 0.11069139974188485 0.13954877969680335 1.0 0.525 0.9761885931709612
525 194.962625 168.74422472717367 0.13340791903134364 0.11538754886851936 0.14129701338311618 1.0 0.3 0.975113190241476
526 217.125 1.4123010783851162 0.2481301077744339 0.0016251493559299608 0.25 0.5 1.0 0.9977082880383427
527 181.4415 97.83364587885796 0.13909903157691267 0.07478226513685374 0.3468017463904349 0.5 25.7 0.9037334660370225
528 196.9065 75.66961069878327 0.18920026258772052 0.07217741481590813 0.4265085424545332 1.0 1.225 0.9541150440120977
529 207.6675 65.9481363447831 0.18886200448118393 0.059964554378520094 0.4616003970613159 0.3333333333333333 2.1 0.9843082193086442
530 196.713125 10.935288461999876 0.2299781510716423 0.012884050444804222 0.2547027950402848 0.5 1.15 0.9418380996709579
531 186.113875 10.297128624219711 0.23442506226159257 0.012938761492229407 0.5885541237159979 0.2 2.125 0.9252779547131459
532 183.155625 25.689574932311796 0.21718978323379792 0.03006288760531388 0.5199950979734285 0.25 2.1 0.9150281920922951
533 188.8125 9.425960355188964 0.23850465561211662 0.012012066496809628 0.6462348620485163 0.16666666666666666 2.425 0.9084209738604857
534 182.54025 160.17971020358348 0.13013789597118994 0.11406036711391448 0.08883270322660243 1.0 0.3 0.9312663152303939
535 207.043625 68.18790166039125 0.18578090558242022 0.061176912444525056 0.4368978499356728 0.3333333333333333 51.975 0.9821021801458639
536 198.436375 131.0691789011994 0.1290335402518934 0.08519158573713666 0.32282223214120376 0.5 25.75 0.9656840704280056
537 198.908875 46.22134759938882 0.19957303769270246 0.04642303854700405 0.6036980307488877 0.2 27.15 0.9658715688525026
538 192.2325 56.759534617222045 0.18798994433270189 0.05545306546771246 0.43048827802947315 0.3333333333333333 2.075 0.9336155187703918
539 195.4125 13.59979553283492 0.22299680022810564 0.015643218672316862 0.5042013465473941 0.25 2.1 0.9440245985952035
540 201.61125 145.67481642940413 0.12431798540757243 0.08984381584133001 0.3212544839939735 0.5 0.5 0.9668646863949025
541 210.635625 43.059476155239174 0.20612180279449674 0.04214215730357578 0.5885468372534978 0.2 52.025 0.9873544415173419
542 172.626125 72.26148779744949 0.17515561905022606 0.07230587213131016 0.25007671999577635 1.0 0.9 0.8943768614913663
543 194.0335 112.65723642386193 0.18352759200581023 0.10655398237505281 0.45185891565134256 0.3333333333333333 1.45 0.9421308111328639
544 197.664375 58.944654973407005 0.17498826782786098 0.05212798901712991 0.5222939666249505 1.0 1.1 0.9626942106603845
545 198.808125 55.454142214989695 0.187005099301136 0.052071169537179926 0.5347713026605001 0.25 26.875 0.9633641772458115
546 195.125 8.017147566705244 0.23419459478623422 0.009700619112436264 0.5 0.25 26.7 0.9360383667154706
547 189.58175 158.64601670771535 0.13018188300910366 0.10891309222146729 0.28331601123864314 1.0 0.475 0.9566581286840617
548 217.0625 2.0327276277720028 0.24820094497541723 0.002340472865504929 0.25 0.5 1.0 0.9972367191339426
549 198.043 110.6730069123996 0.12723329254517454 0.07109421882771798 0.4628071746184437 0.3333333333333333 76.7 0.9614226683244003
550 188.109875 162.31851574185478 0.13074602647065656 0.11276361855156508 0.2113413696983225 0.16666666666666666 0.625 0.9401784029549215
551 178.50475 104.97207137146042 0.15207929710512708 0.08892036775042796 0.1988909410748776 0.2 0.525 0.9160081521036338
552 200.1865 143.01011727342953 0.12561604250308758 0.08974057997823857 0.3247385909257074 0.5 0.45 0.9636580178449828
553 193.943625 124.87801466086752 0.13074830732954643 0.08413024357270893 0.3288379039864153 0.5 0.475 0.943300527843229
554 188.34075 66.56371978813645 0.1628848519751342 0.05792774170810358 0.36191372547333955 0.5 0.85 0.9349727339052516
555 181.407 98.01993786042783 0.1524087877435843 0.08304458931558811 0.3266547720789476 0.5 0.55 0.9231564592119789
556 176.851875 140.88855096162527 0.13882328511341752 0.11038754110779779 0.14262436576991208 1.0 0.4 0.8962101620796855
557 189.661 72.03750898995976 0.16235357832216482 0.06194830004646172 0.3045343688010169 0.5 25.375 0.9414976667499779
558 183.7455 136.83201924145786 0.14317566887316951 0.10632467127949925 0.15810714423259142 0.5 0.1 0.9450966141128939
559 208.925 114.97501696769876 0.12801833286235417 0.07043153200576846 0.4496829210316634 0.3333333333333333 26.525 0.9932853104562495
560 207.976875 69.00020903936348 0.16911641920214454 0.056035495971159886 0.515349387004186 1.0 51.25 0.9903052208078947
561 193.709375 174.98622195517214 0.13134520567210234 0.11863360713818887 0.25406240446660056 1.0 0.0 0.9645241238369059
562 174.087375 25.726368621920102 0.22423277496255584 0.03344988361321675 0.5209950979734284 0.25 2.2 0.902964669121658
563 205.087125 62.08317623019155 0.1869423514762155 0.0565469086642688 0.44369808804111976 0.3333333333333333 1.875 0.9798006980649393
564 201.960875 3.1143648417134795 0.2455248953924054 0.003807305120402617 0.27819936496410635 0.5 1.15 0.9634303098061543
565 196.8125 102.39339933058437 0.16092600163532297 0.0837231392727591 0.0 1.0 0.3 0.9702577242320529
566 206.94425 53.20527588387422 0.1983708410626107 0.05024420722177034 0.23809364971127978 1.0 0.025 0.9885696214122505
567 201.2695 141.99719917400765 0.12537004873162302 0.08845051705569616 0.3113232994595455 0.5 0.5 0.9658933673655649
568 195.260125 103.3835762387823 0.1305104383430202 0.06906947667445636 0.4785550167631494 0.3333333333333333 51.95 0.9653154562864893
569 193.850625 166.54632208426088 0.1341995366645291 0.11570355281417574 0.4536420253237382 0.5 0.375 0.9637609726078646
570 202.446125 67.08589326278613 0.18239494079760202 0.06027743975581369 0.3119496602671787 0.5 0.2 0.9814224434411689
571 208.87625 45.61452881633774 0.1991908539508466 0.04372844462373575 0.2564308644542556 1.0 0.0 0.9912299475154248
572 204.483375 85.5789353907028 0.1679049672022162 0.07030953237520741 0.3682175833730379 1.0 0.575 0.9869662871372898
573 183.124125 45.93325133559764 0.21354162857412667 0.053554193136965494 0.5311983297437952 0.25 26.775 0.9352293601857598
574 198.540125 65.34388276680065 0.17878641515244373 0.058838445270469907 0.4270859597328763 0.3333333333333333 1.875 0.9631669087020487
575 195.916625 195.48023986299415 0.12485521950291072 0.12457527435033905 0.13615296078790068 1.0 0.0 0.9692864052027146
576 205.539625 54.96491480973871 0.18522031037633285 0.04940697226284098 0.5260086652567681 0.25 26.75 0.9731728104573311
577 204.529875 68.88666995406476 0.18220715453074393 0.06137279240689506 0.4426776119833515 0.3333333333333333 27.1 0.9737191529040757
578 181.7525 144.7659061121139 0.1303801237039566 0.10364710107596087 0.18129368676972085 0.2 0.45 0.9171801270885278
579 196.310625 30.338922775010417 0.21723348251785818 0.0320227137285686 0.2395477918724435 1.0 0.15 0.9531241847442261
580 187.008 193.6067314166358 0.12194660873833102 0.12625359923092438 0.09883934260732079 1.0 0.15 0.9336730103487305
581 192.4375 8.036300561120523 0.2386647810574185 0.01005166138037437 0.25 0.5 1.125 0.9294007089885946
582 190.818125 86.20414147844916 0.1526380281225092 0.06918626874788952 0.5469804814301131 0.5 51.325 0.952716490125639
583 182.27825 127.74896269122098 0.1467386828398269 0.10254304324658454 0.23255230954718897 1.0 0.575 0.9298602494991971
584 192.7375 157.38617117264909 0.13693193010933694 0.11162368323204262 0.09655703691748109 1.0 0.15 0.9705958988785041
585 192.813125 146.56086248138863 0.1365408821203808 0.10372200710600592 0.3794639040763014 0.25 0.7 0.9694825446092115
586 189.7775 29.464474501639387 0.21522853244789292 0.033391752661947306 0.5956333644385227 0.2 27.35 0.9438337127589149
587 194.897 189.31874290393705 0.1254601502312312 0.12191460775740039 0.23475294667062543 1.0 0.15 0.9732085035226048
588 189.921875 160.52350540949567 0.13507745525513537 0.11395095124739169 0.0590811677450699 1.0 0.425 0.9629392006632186
589 188.891625 163.6312238272137 0.13235577475115248 0.11464146143050234 0.2884992654774346 1.0 0.2 0.9508227026632982
590 195.31425 192.980413373858 0.12529042317985137 0.12378145999802416 0.1627566979941398 1.0 25.125 0.9654402095624347
591 201.4375 5.427678499191894 0.2392999172200901 0.00649808215318493 0.25 0.5 1.425 0.9553411231635384
592 197.25 11.885357034471298 0.23002090475574982 0.013968186224359745 0.25 0.5 1.125 0.9503522628961661
593 192.309125 148.57294023750313 0.1403174369653286 0.10819911699672567 0.16808562565968932 1.0 0.525 0.9652590938454128
594 187.6515 140.61899009527428 0.14241486028972597 0.10643214025394838 0.16230747625808317 1.0 1.15 0.960636589445029
595 195.78325 40.086048724276516 0.20293163735188494 0.04132765904711884 0.4585037918539784 0.3333333333333333 102.425 0.9395941091683722
596 211.25 11.105845472851295 0.2347540458458435 0.0124270980493385 0.25 0.5 1.05 0.985016137233877
597 213.491875 18.315230873996278 0.2307798223694678 0.018664659047149267 0.23438535026681892 1.0 0.0 0.9949265960710146
598 182.638125 17.652698300807245 0.2297639517921103 0.0222907174707877 0.5821861295311821 0.25 1.775 0.9162726823450051
599 182.917 135.63188099677427 0.1436478490509863 0.10629888659314893 0.22708065821880416 0.3333333333333333 0.225 0.938176015043377
600 197.951625 127.10762351762102 0.13297001740336728 0.08530092529084417 0.325477732977932 0.5 0.6 0.9591125452614725
