0 106.885125 71.87414584333764 0.1494107268862133 0.10045620174421972 0.6024907668396976 1.0 1.175 0.9513724300404003
1 171.587625 55.053353939758466 0.17157123869288096 0.055030435329780567 0.6727366655630665 0.25 126.975 0.9809403692182943
2 133.286625 76.74250522547428 0.14369053189082956 0.08269829011370468 0.6519207810319552 0.25 101.3 0.9685095869970398
3 207.0 3.585428541616003 0.2458123268820624 0.004289923235188293 0.25 0.5 1.0 0.998003992015968
4 218.125 0.3472572564314453 0.2494243023921335 0.00039983034368372595 0.25 0.5 1.0 0.998003992015968
5 139.72 78.43947438319752 0.16893525226952277 0.09481401980665777 0.6623366606083647 0.1111111111111111 0.85 0.9716356660920948
6 115.321125 69.53796777729451 0.14333238504348483 0.0864020948606033 0.51283048017022 0.25 50.9 0.9536325722624465
7 194.97 7.165834633926751 0.2394201478194861 0.008886628374472239 0.5188096217709482 0.5 0.5 0.9964972305346039
8 112.995375 73.57494945261485 0.13897531180068462 0.08999329373116516 0.5128230935132965 1.0 0.225 0.9429336637872096
9 197.503375 6.7051700191287855 0.23878189508943065 0.008126395997227807 0.306716632789317 1.0 0.0 0.9949904690532397
10 212.25 1.6571274916694139 0.24750408576893423 0.0019463755713637586 0.25 0.5 1.0 0.998003992015968
11 167.62525 45.94212650403428 0.18034036370310108 0.049422410764815176 0.6872846876481074 0.3333333333333333 51.65 0.9814296157209621
12 142.283125 51.08252364306188 0.1741769155040514 0.061581364176101584 0.4264055805731286 1.0 0.5 0.9618417164632277
13 159.621875 44.142990688140856 0.1928324377439874 0.0533100574623152 0.6038370853375987 0.3333333333333333 77.0 0.98067623498028
14 207.172625 1.767270134238628 0.24646685777906965 0.0021139675678068853 0.2818934339080876 0.5 1.0 0.9945012225505719
15 215.75 0.9332864925083781 0.24869408151127662 0.0010833742985266643 0.25 0.5 1.0 0.998003992015968
16 191.944 8.063663107492701 0.23593435838110394 0.009958853469266128 0.2955134978111347 1.0 0.0 0.9953671594235808
17 164.77575 18.511045046863778 0.2224135853674212 0.025130019378943266 0.40020744938723896 1.0 75.0 0.9732594934935418
18 129.066875 74.91424577297235 0.1342973106633491 0.07792051285410068 0.5901930471531711 0.3333333333333333 0.4 0.9534074599977931
19 162.486875 57.33711960004894 0.17349793408816017 0.0613596060301907 0.5082460837960568 0.3333333333333333 26.95 0.9859499001650546
20 156.997 50.404058871261114 0.16304469395858742 0.052359875611136183 0.6629140889717388 0.3333333333333333 1.35 0.9741989645255164
21 158.38375 49.14082103565081 0.1831870486418368 0.056746220832639915 0.5821919597098342 1.0 26.05 0.98067623498028
22 175.37875 47.35532071185959 0.17951947618453637 0.04845105835338431 0.6656907480809648 0.25 1.875 0.9855732097947135
23 157.81375 42.675892788902566 0.18822877978146027 0.05085319002819264 0.595697241216752 0.5 26.025 0.9814296157209621
24 156.609375 50.94429518553914 0.1794538801984649 0.05834122878703123 0.6496007858495031 0.3333333333333333 76.575 0.9799228542395979
25 122.397375 72.14544476129464 0.14412902251098625 0.08495029823548339 0.5133759114338302 0.3333333333333333 51.325 0.954650087241143
26 172.545875 7.570045411153054 0.2386404767491621 0.010447180954719294 0.527029015920102 1.0 0.4 0.991751833825858
27 191.073125 6.977274500880177 0.23842506214543369 0.008363526735767388 0.5139369806388687 1.0 0.2 0.9961205401642629
28 211.375 2.6976536773611506 0.2467661676549561 0.003172276260937147 0.25 0.5 1.0 0.998003992015968
29 162.55325 45.964687044785144 0.18456550120889847 0.05224129670660582 0.5828468342938115 0.3333333333333333 176.825 0.9824471306996585
30 200.6875 1.782681737281909 0.2483625193127175 0.0022241154005785933 0.25 0.5 1.0 0.998003992015968
31 193.42075 5.621426837432458 0.24139267483530183 0.00703027332077597 0.31878532526567743 1.0 0.0 0.9906217627148348
32 160.605 63.86244408689892 0.1592972826876802 0.06331808884326903 0.6502583220013257 0.25 26.65 0.9791694734989158
33 147.321 71.01072934207868 0.13701934229270882 0.06580134165857315 0.5616893989423658 0.14285714285714285 101.225 0.9610148015635798
34 183.368375 30.110552335976816 0.21405470647425243 0.035111287582263215 0.6794726353170335 0.2 27.05 0.9849714071597191
35 144.69625 74.48350683012191 0.14833064424301337 0.0763155987975661 0.621866957076615 0.05263157894736842 126.425 0.973142427573459
36 111.889125 65.64033719753681 0.15196592224705474 0.08907322524000613 0.5998534149815197 0.2 26.025 0.9513724300404003
37 145.50875 65.7207835775838 0.15332177124185847 0.06920405606256483 0.6593925350000346 0.05555555555555555 50.725 0.9761559505361874
38 162.94075 49.269853646922975 0.1643445183325007 0.04969356829524436 0.6603035312001488 1.0 26.4 0.9816937499589764
39 113.937875 62.47422990266078 0.143863266266556 0.07888357450294944 0.548523820809457 0.25 25.8 0.9552518898761374
40 132.233 78.10922130901575 0.1741060122473246 0.10283416254247882 0.6823083578051096 0.16666666666666666 51.775 0.9614650260928866
41 163.170125 49.6372990727186 0.18768641064175615 0.05709739031605073 0.5398699545885413 0.5 0.65 0.9801869884776122
42 215.8125 1.224024406078454 0.24768858247585873 0.0014146330117672371 0.5 0.25 1.5 0.998003992015968
43 124.529375 72.47572047914828 0.14607243875555564 0.08499039482645146 0.5127545082156059 0.14285714285714285 76.2 0.9501688247704113
44 163.259125 55.55335239194611 0.16488101881282807 0.05614447920079496 0.6765712353736492 0.25 77.1 0.9791694734989158
45 215.5625 0.26475424859373686 0.24963554061639745 0.00030877494479560167 0.25 0.5 1.0 0.998003992015968
46 196.038875 6.014575270379574 0.2401896448975671 0.007362587323321357 0.29173123612075946 1.0 0.0 0.9892665793391582
47 192.489 10.030908242778166 0.2363255051713002 0.012408170389612195 0.5412196498309605 0.3333333333333333 1.55 0.9922410803285256
48 158.529375 50.50997942398888 0.1887610545066442 0.06013301953995938 0.5750268110027784 0.1111111111111111 176.825 0.9787927831285748
49 121.957375 70.2802834673832 0.14638010897965348 0.08432559868400014 0.5110741527711419 1.0 26.425 0.9534074599977931
50 206.0625 2.4058887452732645 0.2466082937804157 0.002901357447456408 0.25 0.5 1.0 0.998003992015968
51 175.411875 30.019835248678746 0.20587376433055876 0.035134446504493266 0.5988069291133392 0.5 100.95 0.9818063060913031
52 212.8125 0.2613462843970035 0.24948342868052165 0.00030857528962734376 0.25 0.5 1.0 0.998003992015968
53 213.6875 1.1173669455523627 0.2480998742914815 0.0013065885506350445 0.5 0.25 2.0 0.998003992015968
54 154.382625 65.52644001109951 0.17205513442156564 0.07301429108994043 0.6247462383219655 0.1 76.375 0.9754025697955053
55 183.357875 20.09051484886693 0.22452718628354598 0.024244073487272373 0.6172947370149736 0.5 50.825 0.9746491890548232
56 163.914375 41.869029409190205 0.19901857526266248 0.05081444441137602 0.6016072366869168 0.16666666666666666 151.9 0.9818063060913031
57 192.17775 4.668028683666378 0.2417807850062608 0.005892936107026279 0.30962865791082034 1.0 0.0 0.9898683819741527
58 125.056125 65.66151453121522 0.14693706084508576 0.07718046288528133 0.6341716751095683 0.5 51.4 0.9641408806586349
59 134.694125 69.04792329719697 0.17394434189684996 0.08913041826260436 0.6119228006969718 1.0 51.075 0.9631623876532993
60 193.076875 5.501112582292133 0.2424154219954507 0.0067156956505607735 0.5211862153654564 0.3333333333333333 1.2 0.9953671594235808
61 112.862125 70.61901657149706 0.14342493791378813 0.08971638099695285 0.5029130185437113 0.5 0.85 0.9390587137392284
62 187.9225 6.60443600871347 0.240751830283929 0.008745507973178983 0.5508649308404324 1.0 1.4 0.9923536364608524
63 157.604375 57.38843113624286 0.17506379991344212 0.06367864185996035 0.6639054044760522 0.2 101.4 0.9787927831285748
64 211.375 1.4774622613599917 0.247056666202954 0.0017394658430883408 0.25 0.5 1.0 0.998003992015968
65 118.383875 81.1075769819338 0.16504392602602602 0.11306614730001205 0.6234255690066867 0.3333333333333333 76.525 0.947904172760609
66 164.966875 43.96653945285043 0.19461445733008542 0.05179307631069589 0.5988951032969121 0.5 51.325 0.98067623498028
67 157.571875 46.12387729538331 0.19296947573407805 0.05647676313606444 0.6240441533616495 0.5 25.8 0.980299544609939
68 177.4175 8.789433961608712 0.2355609478574734 0.01102394290575953 0.4598719091407591 0.3333333333333333 1.8 0.997627301645627
69 150.825625 46.24475545568923 0.1858684637535028 0.05664471249089129 0.4150334761666821 0.5 75.9 0.9882100423871009
70 153.661875 51.17631017471873 0.17145782926826178 0.05693382414403453 0.43366449622457215 1.0 0.15 0.972765737203118
71 176.999625 33.519305557773095 0.2046993499420953 0.03878072927925224 0.6918117487881028 0.010309278350515464 1.8 0.9840664483133493
72 196.86 11.692209043154504 0.23166317394402539 0.013841724304033213 0.29175248366069806 1.0 0.425 0.9890024451011439
73 167.808125 47.311491220457484 0.18747908691769488 0.0528546508186155 0.6708000529669277 0.16666666666666666 51.5 0.9809403692182943
74 160.905625 45.765990017977686 0.19006010633228157 0.05402134448317264 0.6168555294477215 0.3333333333333333 126.95 0.98067623498028
75 196.3895 3.672157340507295 0.24479576048030688 0.004565361650965806 0.3156172063959539 1.0 0.0 0.9830144211490481
76 215.3125 1.2149304344238199 0.24833039235347854 0.0014111212151757398 0.25 0.5 1.0 0.998003992015968
77 168.201875 45.175688025286036 0.1891113326426525 0.050776945044629235 0.622081167802301 1.0 50.6 0.9829363772023262
78 215.5625 0.44114263607058374 0.2494900989205836 0.000514171468702047 0.25 0.5 1.0 0.998003992015968
79 126.22625 87.39364661381211 0.15046925544491385 0.10408657131640954 0.5948706784518076 0.5 51.25 0.9659853105369792
80 183.91975 24.263556589004235 0.2100473205758351 0.027651927432687236 0.6675832353753265 0.5 1.625 0.9957438497939218
81 179.896875 17.293651584952514 0.22553376727128485 0.022022161309883704 0.5237066169521454 1.0 0.425 0.9897168038684651
82 130.500625 78.16310855087795 0.16510514345271518 0.09878773994462971 0.6241296275655798 0.5 201.775 0.9686221431293665
83 130.4565 79.31326700142954 0.14345379916362408 0.08706098695112198 0.5491589463825071 0.5 26.075 0.962482541071583
84 189.875 5.041525030151723 0.24131976113325687 0.006721703910275785 0.5804820237218405 0.2 2.25 0.998003992015968
85 106.416 71.86397646529305 0.14084634441107988 0.09507170830097024 0.48951019965833903 0.3333333333333333 51.0 0.9311872379354275
86 169.16375 44.42393670087161 0.1784675171211245 0.04667296463365028 0.6233171295625511 0.125 27.025 0.9825596868319851
87 164.6275 49.146991218467846 0.18430838851618941 0.05502858028113853 0.5932408180808846 0.03571428571428571 126.825 0.981052925350621
88 129.4665 63.569913652663004 0.15904402265632234 0.0780786499078896 0.6373251706822458 1.0 50.6 0.9621448726746029
89 198.462625 7.646373273090893 0.23856189446889942 0.009402022235430805 0.5163868316588274 1.0 0.2 0.9938603979422166
90 175.481875 38.404891671315085 0.20112567735880776 0.04401695560388019 0.6353483833551967 0.3333333333333333 102.0 0.9859499001650546
91 180.4915 29.084428081691918 0.20055232170871898 0.03229103101793229 0.6089867463489034 0.1111111111111111 26.975 0.984594716789378
92 109.38475 71.71015485672113 0.1303545261459582 0.08545485000937204 0.5708273767287918 1.0 51.0 0.9553644460084642
93 149.975 48.25483739940898 0.1724777339595836 0.05568027554540891 0.5354476069690339 0.3333333333333333 0.35 0.9836897579430083
94 141.0795 73.50603653421017 0.1709046729346701 0.08904154674642974 0.6496622095209357 0.3333333333333333 151.8 0.9671153816480023
95 204.9375 1.8760351631857561 0.24748991741280893 0.0022831491381720744 0.6462348620485163 0.16666666666666666 1.75 0.998003992015968
96 128.47675 63.662135978309124 0.15166884561259178 0.07506166035290834 0.6128228963061101 1.0 1.125 0.9532949038654663
97 179.513875 36.31815896749377 0.202664888784447 0.04096034022561726 0.6689234403086757 0.16666666666666666 52.075 0.9830879553080138
98 125.2225 93.0443095251312 0.13798853674325198 0.10250114216428795 0.5975601351450465 0.07142857142857142 176.475 0.9663620009073202
99 170.2815 52.11191141767379 0.1759313011943571 0.0538346427641246 0.6951994246530347 0.25 102.35 0.9787927831285748
100 91.2475 75.84543469734565 0.12904355764975273 0.10747483976891664 0.6249542850882084 1.0 0.775 0.948735597448013
101 100.154375 52.58183638628965 0.16371191026587964 0.08593823405066227 0.40674413162941225 1.0 25.8 0.9576981223894762
102 163.98875 45.659315484866646 0.19471414290501535 0.05419755922870886 0.586752137864239 0.021739130434782608 101.85 0.9814296157209621
103 111.2625 71.40697895964206 0.14361395296227744 0.09213305452533796 0.47954856759020154 0.25 25.7 0.932958133654806
104 149.922625 54.67515563981604 0.1755669164680943 0.06404084615763171 0.6203563268513286 0.5 75.925 0.9780394023878927
105 159.468125 38.879741309201144 0.1964964555783153 0.047852161034490664 0.5844724983553407 0.125 101.875 0.9814296157209621
106 119.203875 96.17625938791808 0.12298895623999193 0.09915928040571405 0.5841892822913245 0.5 126.125 0.962482541071583
107 143.489375 75.0717128085327 0.15750584744423912 0.08237955276782101 0.6107557080044614 0.058823529411764705 25.775 0.9735191179438001
108 197.9385 5.8851041180214585 0.2406706262406527 0.007074772570164628 0.5206383628528611 1.0 0.1 0.9953671594235808
109 188.716625 10.679412328011738 0.23567207714988198 0.012992306558086524 0.6019441836706938 0.3333333333333333 0.8 0.9713370196684756
110 102.5545 67.80550073390656 0.14708536359976018 0.09721640187597402 0.5952459775273846 1.0 0.8 0.9486230413156862
111 108.1025 112.99185089951946 0.11061970419778755 0.11551654343545752 0.4344105950464223 0.5 51.0 0.9588281935004993
112 185.5915 6.745717681732357 0.23892834032224833 0.008724349924222444 0.2920461759943465 1.0 0.0 0.9953671594235808
113 214.75 1.1904955732540294 0.24796504472409964 0.0013843569326801742 0.25 0.5 1.0 0.998003992015968
114 164.255625 62.552435789974055 0.1609993492743448 0.06129103874671327 0.6331141146049382 0.25 51.775 0.981052925350621
115 218.8125 0.0625 0.24992812113235005 7.18788676499778e-05 0.25 0.5 1.0 0.998003992015968
116 196.0245 9.409396818924773 0.2355413467466045 0.011357897383074031 0.3365710136470102 1.0 0.0 0.992128524196199
117 162.273125 47.71229674919172 0.19163370916984976 0.05632536015653365 0.5688335924336497 0.3333333333333333 76.95 0.9799228542395979
118 124.636375 63.69733144956298 0.16407873269865 0.08375515661094189 0.5814861492760609 0.25 0.775 0.9420722367019568
119 128.4035 85.29411312474842 0.1163129153974746 0.077199605880706 0.5795918487875031 0.04 200.975 0.9631233656799384
120 186.039625 4.306629056501028 0.24358202856726796 0.005491843038087531 0.40250284384427576 1.0 0.225 0.961772692092018
121 147.802 61.22475317026123 0.17388959852535907 0.07201309673433877 0.5433279045702416 0.16666666666666666 101.9 0.9725406249384646
122 194.9005 4.444821087204997 0.24278300822017063 0.005546404502271235 0.311754324217535 1.0 0.0 0.9938603979422166
123 170.2975 55.78814062125168 0.17364551043310533 0.056862907441255064 0.6683896599094079 0.25 27.1 0.9829363772023262
124 218.8125 0.0625 0.24992812113235005 7.18788676499778e-05 0.25 0.5 1.0 0.998003992015968
125 126.91175 81.83864080889651 0.1530446182557614 0.09863709741421994 0.638545426953392 0.5 76.275 0.9633484779445919
126 195.413625 4.325787504743901 0.2438413364341138 0.005362303082704674 0.3094696067299539 1.0 0.0 0.9890024451011439
127 168.9575 40.24828157583561 0.1887283081998939 0.04501549488505741 0.6689334884559219 0.25 1.55 0.9870799712760777
128 189.1715 12.869718015104251 0.22801698000571594 0.014884542811921555 0.4969776602264999 1.0 0.125 0.9877207958844331
129 105.553125 66.9137401909616 0.15290637033604718 0.09691916481139852 0.4157254205308904 1.0 26.075 0.9360451907765001
130 155.841875 39.07629561273499 0.18337201902703196 0.04640730373362128 0.5229617431750846 0.25 1.75 0.9953671594235808
131 105.194875 66.55238974323649 0.15257677868145453 0.09651363999670476 0.41494958919580993 0.5 0.8 0.937664508390191
132 206.5625 1.3664237807000135 0.24795882069537425 0.0016528530768188158 0.25 0.5 1.0 0.998003992015968
133 146.645625 78.65323017598348 0.14992152500386158 0.08041101331435294 0.5391962293824025 0.5 50.75 0.9746491890548232
134 185.125 3.8578190536398527 0.24391613643546026 0.005170239176160128 0.5845216805166361 0.2 2.0 0.997627301645627
135 179.88625 34.1709413894757 0.19359396584721486 0.03671733300701685 0.6574685792667996 0.2 51.55 0.9882100423871009
136 170.193125 49.21656384509055 0.17863678488176082 0.051652415471733805 0.5830564502781143 0.5 75.925 0.9829363772023262
137 177.55625 14.051571440241586 0.22645867520390933 0.01805965377988648 0.3157540523498642 1.0 0.275 0.9918643899581846
138 132.250125 82.0564219233657 0.131707007402649 0.08168358825038453 0.5859897709089139 0.5 151.425 0.9681328966266988
139 167.69 39.706508313649834 0.19851133866421172 0.04696546267124333 0.6190225817652444 0.3333333333333333 126.9 0.9833130675726672
140 138.377375 74.89452547323525 0.14761808967805717 0.07985858354144146 0.5812657085547553 0.5 101.25 0.969639658108063
141 110.945125 71.50547739770793 0.14396703064083152 0.09274014176814063 0.6251480211253984 1.0 0.325 0.9508831835377325
142 203.625 2.379934507548034 0.24656771738739122 0.002904429097440993 0.5 0.25 2.0 0.998003992015968
143 146.709375 66.3222264700185 0.14944196085491773 0.06750895568176077 0.6049008869121777 0.3333333333333333 151.45 0.9750258794251643
144 188.162125 5.354339643662815 0.24172360617598532 0.006762549858142048 0.38743654687721973 1.0 0.0 0.9707742390068421
145 101.244375 54.0963076482308 0.1625454136976838 0.08684951331937833 0.40674413162941225 1.0 26.1 0.9576981223894762
146 207.875 1.8313864929052137 0.24708100385936319 0.002193211520658097 0.5 0.25 2.0 0.998003992015968
147 158.9145 44.76490224825522 0.19207519413037963 0.0540615663675152 0.6227485257923775 0.1111111111111111 126.875 0.9687001870760883
148 182.71175 7.993928252545525 0.2366850435119544 0.010410429763668277 0.30953301021454543 1.0 0.0 0.9933711514395488
149 158.3345 60.84766356512647 0.15998983889838758 0.06144535955521405 0.6389452766579345 0.010752688172043012 1.4 0.9732940056791467
150 172.32625 43.23214484933512 0.19127846329803685 0.047997695155441104 0.656571009100953 0.06666666666666667 101.95 0.9844431386836904
151 168.110625 41.16692596049556 0.1917320803909123 0.04691969730025698 0.5955117099633036 0.5 26.0 0.9829363772023262
152 174.510625 32.5475399240512 0.20912157136654888 0.03896778158010384 0.6754576429079839 0.2 152.15 0.9870799712760777
153 190.638875 4.669833109429544 0.24270659174985731 0.005875438077106408 0.5507803326669485 0.5 0.6 0.9867423028790976
154 165.785 45.999129129706695 0.1850243282726269 0.05133995356152022 0.5889174120908568 1.0 51.95 0.9836897579430083
155 166.03625 24.632294723562243 0.21087078822371053 0.030881953079531486 0.5462202356249927 0.5 50.6 0.9833130675726672
156 212.625 0.182530080916173 0.24977821979777418 0.00021594382330840449 0.5 0.25 1.5 0.998003992015968
157 120.967 70.22963141683087 0.14602883818147064 0.08476293812518294 0.5095365669997949 1.0 1.05 0.9521648327544433
158 169.481875 44.88283202468697 0.19268251417874535 0.050976878741494036 0.6729834067074573 0.3333333333333333 51.85 0.9825596868319851
159 130.16275 56.37882468566779 0.17010993877933492 0.07353982218897076 0.6208244489768542 0.3333333333333333 51.775 0.9565335390928482
160 159.265125 53.4198749788414 0.18322466694227676 0.06144648523307659 0.5980524757887852 0.3333333333333333 51.925 0.9764200847742017
161 152.9675 55.56296270521823 0.18661106558176435 0.06775219678734265 0.6616226139670697 0.0625 51.55 0.9697522142403896
162 98.320125 72.7723401119356 0.12276769685258047 0.09083864531701855 0.5712669179787706 0.3333333333333333 1.025 0.9504674711940305
163 145.093125 67.97374672868168 0.13888977755017828 0.06528727628912688 0.6529575178713135 0.3333333333333333 51.275 0.9771734655148838
164 195.433125 5.173952968962794 0.242131895469826 0.006429961651471465 0.2994024877213984 1.0 0.0 0.9953671594235808
165 218.8125 0.0625 0.24992812113235005 7.18788676499778e-05 0.25 0.5 1.0 0.998003992015968
166 214.9375 0.34040381959350535 0.2494156639329505 0.0003978249829112476 0.5 0.25 1.5 0.998003992015968
167 183.67325 8.114422612905448 0.23651829169523747 0.010641731407532341 0.6059551418367488 1.0 1.6 0.9843305825513637
168 141.785 67.96056207436874 0.15680207245486838 0.07512772350133845 0.5765096810572307 0.08333333333333333 126.0 0.972765737203118
169 212.5625 0.6099155336096833 0.24911472474012625 0.0007199388116822063 0.5 0.25 1.5 0.998003992015968
170 114.12375 59.84285312698537 0.16120442727895043 0.08451064130943838 0.5700647948136407 1.0 51.0 0.9551393337438107
171 123.784875 81.21450590455177 0.1709906345307687 0.11216403665367362 0.653473104677111 0.14285714285714285 51.65 0.9580748127598172
172 127.780625 65.05229125248026 0.16152551031972257 0.08216779369343831 0.6292587119461885 1.0 0.875 0.9520522766221166
173 169.3225 56.54686917157399 0.172031996625909 0.05744960880766219 0.6670335406205926 0.25 76.925 0.9829363772023262
174 177.99 5.743708859083437 0.2407410209243094 0.007514803895952468 0.4962957037688026 0.3333333333333333 2.0 0.9964972305346039
175 162.195 43.082909548434124 0.19363922051731047 0.05134787083450388 0.5850233085462709 0.03125 102.05 0.9735971618905219
176 100.47375 53.49908286684848 0.16314569602480186 0.08686637942540724 0.40674413162941225 1.0 0.6 0.9576981223894762
177 151.5285 59.12455036840211 0.1795520223641174 0.07002802461521428 0.5529632241527906 0.02564102564102564 76.95 0.9721639345681236
178 177.49 33.05766395585574 0.20586974480631556 0.03831130634675556 0.6731795240588611 0.2 77.225 0.9850839632920458
179 191.7075 5.891198531836433 0.24078567729915898 0.007505192517975319 0.5280528768470086 1.0 1.2 0.9885131985984761
180 218.75 0.10825317547305484 0.24985624226470002 0.0001244978507602805 0.25 0.5 1.0 0.998003992015968
181 193.148125 3.6621770498543937 0.24452712721087463 0.004653679771149877 0.30840588624534415 1.0 0.0 0.9957438497939218
182 199.377875 4.111137554857871 0.2436557323843748 0.005038555503470873 0.32492518073319887 1.0 0.25 0.9894916916038117
183 132.875375 60.33990353406543 0.1552470806147757 0.0704109135361858 0.6445321659592653 0.16666666666666666 1.125 0.9587936813148944
184 187.480625 6.5989124008707805 0.23964508621294392 0.008354028707911802 0.5300969251693064 1.0 0.3 0.9957438497939218
185 153.375625 58.54746840175001 0.1610923886055024 0.061438930385875445 0.5729653994861226 0.125 101.625 0.9765326409065285
186 104.674125 64.09388818886356 0.15485103238852407 0.09477871889373175 0.4163413390936499 1.0 76.1 0.93728781801985
187 165.533125 46.00171886435713 0.19501106645125613 0.054189596486501436 0.5558415766970608 0.3333333333333333 76.85 0.9805636788479533
188 196.4635 4.77306777487683 0.2423954567249951 0.005903619849093623 0.30930738190836216 0.3333333333333333 0.45 0.9769138410646255
189 216.5625 0.2613462843970035 0.2497822620074514 0.00030352213233297723 0.25 0.5 1.0 0.998003992015968
190 157.915625 65.51542613979333 0.15880511265609984 0.06585497531256677 0.6035055297601367 0.14285714285714285 76.925 0.9799228542395979
191 172.3705 39.40710296605362 0.19104370408982996 0.043695967821052825 0.6594669375963169 0.16666666666666666 1.65 0.9840664483133493
192 148.7825 61.41032608249016 0.16155966655916604 0.06643264486542005 0.5027833755072575 0.5 101.225 0.9712589757217538
193 189.183875 5.216440454643843 0.24190367129554735 0.006676212800217262 0.31508478179031274 1.0 0.0 0.9902450723444938
194 185.936875 10.786539080306977 0.2358871280599981 0.012742882074749953 0.5479529427474367 0.3333333333333333 1.6 0.9885867327574419
195 115.284 75.59515544256783 0.1388712728330734 0.09101402894169652 0.6345793791310315 0.14285714285714285 1.325 0.9511473177757468
196 200.88625 5.26685874904505 0.24312377258747273 0.006401908736109844 0.6706873246669323 0.3333333333333333 2.0 0.9953671594235808
197 161.2025 62.78391079875819 0.15258874145318266 0.05941151840006711 0.6319514089760461 0.5 126.025 0.9779268462555659
198 170.845625 18.63710798838749 0.22030560360651988 0.024196157319361634 0.7252817234528366 1.0 2.1 0.9848198290540314
199 178.93175 34.84569380479232 0.20494451410329442 0.039909036724297776 0.6865079816543432 0.5 51.475 0.9799618762129588
200 184.97875 29.326330622576172 0.2108717626806606 0.03340912440838622 0.6710273532940298 0.2 102.275 0.988963423127783
201 196.75175 5.822999929741123 0.24057200672649415 0.007074674129912463 0.5618669594925195 1.0 76.375 0.984633738762739
202 164.648125 48.903441155595466 0.17670447160502084 0.05253337059638439 0.6445233912746854 1.0 26.675 0.9833130675726672
203 123.12375 89.92646108364646 0.1391735838623232 0.10157572153926316 0.5806896484668591 0.25 151.25 0.9659853105369792
204 162.301875 42.026801820248146 0.1888069590433384 0.048902691671049554 0.5243015645823437 0.3333333333333333 0.325 0.9818063060913031
205 117.728125 67.08254388542358 0.14436401447007866 0.08224845518586213 0.6377197159259509 0.2 26.1 0.9571353417278426
206 104.594375 65.60373016119385 0.15286070253835357 0.09585597411672037 0.41494958919580993 0.3333333333333333 0.8 0.937664508390191
207 98.02875 56.94438863139909 0.15797731635004306 0.09182003572934253 0.4086541299622023 0.2 51.075 0.957321432019135
208 150.337375 45.95211158900229 0.18813887623521658 0.05747080077504606 0.5212929541099063 0.3333333333333333 1.75 0.9840664483133493
209 199.042 5.311499360414555 0.24164631142409104 0.006419797335523178 0.2890431232319469 1.0 0.0 0.991751833825858
210 154.5025 54.183632944960486 0.16167275894507555 0.056671598369758644 0.5551803068455531 0.5 25.4 0.9791694734989158
211 149.77125 69.26101577662129 0.1647992923456988 0.076196445181501 0.66024643800754 0.5 126.5 0.9765326409065285
212 159.438875 55.95221321209573 0.18313952585767948 0.06423943620020511 0.597412092437738 0.5 26.2 0.9764200847742017
213 193.184375 6.825498712630231 0.23987607988573664 0.008467310587796793 0.5191184932146484 1.0 0.15 0.9957438497939218
214 143.061125 65.36618231088065 0.16432621160364627 0.0751127705192517 0.6421918087524511 0.5 51.125 0.9659853105369792
215 189.485 15.688664380796363 0.2322492996079228 0.018225470661247335 0.444778478645188 0.5 0.5 0.9938603979422166
216 193.66 4.972898721715418 0.24210208997432234 0.0064073776234866995 0.5356883184067884 0.5 1.6 0.9938603979422166
217 165.818125 52.57779973632033 0.17048837419451848 0.05395567503924542 0.6259085443493586 0.25 51.7 0.9825596868319851
218 157.023125 46.53494398976899 0.1871656204997634 0.05535402366356783 0.5728304724481013 0.5 26.05 0.9766842190122161
219 121.866875 68.3130340701801 0.15050455509534572 0.08436739231928797 0.567606652938693 0.3333333333333333 50.8 0.9554034679818251
220 211.25 0.9332864925083781 0.24837151021200157 0.001105343652601286 0.25 0.5 1.0 0.998003992015968
221 102.65425 88.3889359925708 0.13043431959120336 0.1122737928649257 0.6083469294109418 0.3333333333333333 126.075 0.948246350945345
222 172.17125 44.39921379611843 0.19889485844063165 0.051275186100056595 0.6284338794322837 0.3333333333333333 77.075 0.9836897579430083
223 163.707 58.893657503410836 0.16497087623428627 0.059318099234900834 0.624204752248673 0.25 51.9 0.9772860216472106
224 137.004375 75.61453001057781 0.1614036099442672 0.08903844119728539 0.6490649662259723 0.058823529411764705 50.9 0.9716356660920948
225 154.03375 67.9952745224508 0.14261741504134007 0.06293902022344158 0.6821204771761067 0.3333333333333333 176.3 0.9729173153088057
226 160.781375 44.487125546100955 0.1891585944881912 0.052299219830158235 0.6023056834416293 0.3333333333333333 52.025 0.9761949725095483
227 188.479625 6.399833933135749 0.2387494489211621 0.008130963295709791 0.3382840884587286 1.0 0.275 0.9898683819741527
228 213.5 0.3855494016015464 0.24955849993044307 0.00045392023366587486 0.25 0.5 1.0 0.998003992015968
229 203.75 1.5897392385897926 0.24770256711978686 0.0019479073016792966 0.5 0.25 1.5 0.998003992015968
230 192.125 6.718438091769183 0.2395684217637278 0.008087628997353224 0.39623918152056026 0.3333333333333333 2.0 0.998003992015968
231 192.995375 5.789509507038281 0.2413942969667722 0.007246784322485178 0.3047663355208452 1.0 0.05 0.9949904690532397
232 186.506625 11.579584439619547 0.23052365093592947 0.01420414251440592 0.3751596248125212 0.14285714285714285 0.0 0.9908468749794882
233 133.124125 55.31604008037744 0.1764490871812658 0.07326426947499365 0.6782752271333308 1.0 1.625 0.9661368886426667
234 167.185125 46.55916895995873 0.19033951858550238 0.05300061804414111 0.6099773474268504 0.3333333333333333 102.0 0.9800744323452855
235 203.236 2.732617517593384 0.2460245606024213 0.003325572383926375 0.3911247062172607 0.5 1.0 0.9908468749794882
236 175.57425 36.172641396132335 0.18559744742195494 0.03801108014252942 0.6202891812609062 0.5 151.05 0.9805636788479533
237 176.66025 38.57834297147763 0.18471190555604247 0.04030795161570506 0.6537643814898391 0.5 26.125 0.9849714071597191
238 102.201625 82.75428372308664 0.12535756208654805 0.10146772538533075 0.5262011666171417 0.5 25.625 0.9496015343210217
239 218.375 0.2985953551952283 0.24971215119606677 0.0003438012634118751 0.25 0.5 1.0 0.998003992015968
240 218.8125 0.0625 0.24992812113235005 7.18788676499778e-05 0.25 0.5 1.0 0.998003992015968
241 211.1875 1.4169703244115817 0.2477107720028718 0.0016742029098027553 0.25 0.5 1.0 0.998003992015968
242 179.783125 24.765426475850166 0.20998829174327702 0.028564427738295303 0.6115899660057957 0.3333333333333333 1.6 0.9927303268311934
243 190.518125 8.031802430975912 0.23967782830008025 0.009856714233172586 0.5288582069792198 0.3333333333333333 1.4 0.9957438497939218
244 83.326875 69.33863120580031 0.1355752342467195 0.11267889101090607 0.4251260850152748 0.5 0.625 0.9279831148936505
245 141.019625 68.44589041536616 0.15061828106094155 0.07308593503847947 0.6741520388195004 0.2 76.3 0.9726531810707912
246 195.088125 3.896552287805527 0.24269989822952281 0.004877046758076923 0.535159679825122 0.5 0.5 0.9937478418098898
247 149.9335 52.456809020841945 0.19648754088443024 0.06872644274747139 0.6901111468940806 0.3333333333333333 152.15 0.9610883357225456
248 196.955375 4.170848135278858 0.24379458601154055 0.0051610550352918765 0.29834387416297464 1.0 0.0 0.9877598178577941
249 207.1875 0.7125885560019007 0.24886529479845876 0.0008624831371243782 0.25 0.5 1.0 0.998003992015968
250 116.999 75.97727474827057 0.13403663286764061 0.0870232462051182 0.5483377675866462 1.0 25.95 0.9449341815589976
251 158.463125 49.03139838230712 0.19063413611101948 0.05895529453259561 0.555017900058371 1.0 25.675 0.9814296157209621
252 172.409 39.59568190717181 0.19423683570931166 0.044443486936131864 0.5330432061172773 0.3333333333333333 51.825 0.9760433944038607
253 147.536875 67.31367180605027 0.14865649960531968 0.06782686407406302 0.6240565585215052 0.05 51.225 0.9765326409065285
254 217.25 0.48007160924178804 0.24927786627534204 0.000554681438854913 0.25 0.5 1.0 0.998003992015968
255 193.331125 6.421170244376721 0.23921921513217723 0.008002084113443702 0.3002691012458778 1.0 0.0 0.9906217627148348
256 216.25 0.6927915136569752 0.248697127540932 0.0008023279849064158 0.25 0.5 1.0 0.998003992015968
257 155.09125 55.76317661595516 0.16917584846791978 0.06074668063141486 0.6469478949901313 0.3333333333333333 1.325 0.9791694734989158
258 162.938625 40.64878093706668 0.19213230559302752 0.0479126428938779 0.4224054607010018 1.0 0.2 0.9863265905353956
259 158.604 52.259402641460575 0.1856885106581215 0.06119152236713343 0.6419449130401581 0.3333333333333333 76.975 0.9770609093825572
260 198.862625 4.733313593123781 0.2427937702025688 0.0057637953075109 0.2983438741629747 1.0 0.15 0.9877598178577941
261 100.62875 54.02132570432645 0.16186842976474594 0.0868943143694183 0.4291793307606706 0.2 0.9 0.9524634791780624
262 131.226625 76.98812790799148 0.12422075816620919 0.07281514545330543 0.6178775234212934 0.3333333333333333 26.125 0.9640283245263082
263 205.332125 2.9574865188299047 0.2463989370308715 0.0035645113806318687 0.26880538618957667 0.5 1.0 0.997250611275286
264 193.427625 4.998352575024652 0.24297330616757928 0.006063164378133877 0.6617996588964181 1.0 2.025 0.994877912920913
265 134.054875 84.61027690417266 0.14177696845824 0.08950091411226628 0.5418636323044329 0.5 251.4 0.9689988334997075
266 179.46875 8.982930627951628 0.23314964858665338 0.011616359757433895 0.5161458544864649 1.0 0.3 0.9961205401642629
267 100.653125 53.175034818362214 0.16098457851132292 0.08504074674201793 0.4086541299622023 0.5 25.8 0.9573214320191351
268 174.541625 41.946527210654956 0.18980897410434625 0.04561420726849334 0.661872587500091 0.25 26.9 0.9859499001650546
269 169.51425 51.70769111045201 0.16708924217303786 0.05058731520302152 0.5652889215253522 0.16666666666666666 151.65 0.9752900136631786
270 214.0 1.190784930203603 0.24853791154213384 0.0013928673439693676 0.25 0.5 1.0 0.998003992015968
271 115.0165 69.95468801856101 0.1595834633495396 0.09706109807995505 0.5869440137932775 0.5 26.175 0.9535200161301198
272 165.59125 44.44491601616865 0.19460985937679978 0.052215543170123765 0.5582709234586606 0.5 25.275 0.9814296157209621
273 132.15875 68.14533961773503 0.1459977288656453 0.07525268292622403 0.6316459895662558 1.0 50.575 0.9661368886426668
274 218.75 0.10825317547305484 0.24985624226470002 0.0001244978507602805 0.25 0.5 1.0 0.998003992015968
275 146.19625 62.64009963920224 0.16352735104728772 0.06984187393696754 0.5615241093085428 0.25 76.125 0.9708822853514126
276 208.625 2.0869625524831354 0.24746056293946816 0.0024940199714017152 0.25 0.5 1.0 0.998003992015968
277 157.579 55.254537948385796 0.16384172538197825 0.057430278053408064 0.6630645650637782 0.5 101.15 0.972765737203118
278 165.520125 45.588011443457496 0.19649474002318573 0.05409870763055946 0.5675805574212733 1.0 101.075 0.9809403692182943
279 185.895625 35.13390483127863 0.2056928318279911 0.03889997802229662 0.6489098121984598 0.5 26.45 0.9900934942388061
280 114.56375 74.60048863115331 0.14399963789177986 0.09375395709149731 0.5162102182786512 1.0 0.9 0.935330832009179
281 171.55275 17.09175257434417 0.22277788190785935 0.02255068862058133 0.33772923033825986 1.0 50.075 0.979472629710291
282 199.6475 5.415514378880212 0.24157025349265893 0.006581036429334216 0.28429278027331667 1.0 0.0 0.9961205401642629
283 167.529625 45.460004510283724 0.1893603621441008 0.05139026066471768 0.5856475470657583 0.3333333333333333 102.0 0.9809403692182943
284 173.99625 36.74815581952001 0.2015697334470297 0.0425921807058651 0.688924863376833 0.2 52.3 0.9870799712760777
285 210.375 2.10375878743709 0.24626608855840237 0.0024807411190865274 0.6462348620485164 0.16666666666666666 2.5 0.998003992015968
286 213.5625 1.1558226845492867 0.24802616551014262 0.0013519694943230362 0.25 0.5 1.0 0.998003992015968
287 155.673125 53.09932892891977 0.17986757911223766 0.06133866954880149 0.6430099508095086 0.5 50.975 0.9772860216472106
288 210.375 0.5376845449265285 0.2491796378454763 0.0006415929735332315 0.5 0.25 1.5 0.998003992015968
289 137.6125 72.56025268223614 0.13117363337227805 0.06914768152668811 0.6445091188954266 0.14285714285714285 251.325 0.9702804827164183
290 147.033125 75.36254658075526 0.15320329639478153 0.07849864338287454 0.5391962293824026 0.5 75.75 0.9746491890548232
291 158.3195 58.30930639932129 0.1541758097421638 0.05676167158078778 0.6033485794099656 0.3333333333333333 50.65 0.9749523452661985
292 124.42975 46.95322101619328 0.17773780880041062 0.06724018110239653 0.48188747903450646 1.0 0.725 0.9741599425521554
293 209.0 0.7122811300407518 0.24899957175342052 0.000854946038560832 0.6462348620485163 0.16666666666666666 2.75 0.998003992015968
294 216.625 0.3897974471063006 0.2492758016611547 0.00045167786537915884 0.25 0.5 1.0 0.998003992015968
295 162.595 48.92961703815529 0.19109539747529777 0.05752006870398071 0.5619440478742127 0.3333333333333333 126.825 0.981052925350621
296 148.031875 61.8537085874783 0.1744174648659231 0.07302185346265441 0.5634680130147313 0.3333333333333333 0.55 0.9769093312768695
297 123.212 76.44764145570493 0.13534736042478057 0.08396529687219038 0.6841223004280068 1.0 0.35 0.9608632234578922
298 100.513125 55.12423914068448 0.16079663971925584 0.08820046531787236 0.40744871090443124 1.0 25.6 0.9576981223894762
299 218.8125 0.0625 0.24992812113235005 7.18788676499778e-05 0.25 0.5 1.0 0.998003992015968
300 200.0085 2.099611790098088 0.24710993253901853 0.002609794601882023 0.3013461608001775 0.5 0.925 0.9925052145665401
301 218.3125 0.0625 0.24992795427089579 7.204572910422244e-05 0.25 0.5 1.0 0.998003992015968
302 191.91825 13.134801617374633 0.22992012701984346 0.016001145386391 0.6830015309860507 1.0 1.05 0.9912235653498292
303 154.52 56.39634406058805 0.16915727818354737 0.061422312977508026 0.4939791063473725 0.5 76.3 0.9723890468327769
304 134.15175 76.87622506002397 0.14469445431509223 0.08288028772430568 0.5633595847917269 0.2 51.15 0.9701289046107306
305 210.9375 0.4553364553616275 0.24933024798046988 0.0005421488188872243 0.25 0.5 1.0 0.998003992015968
306 156.65875 52.73227035202264 0.19873651553953148 0.06714046076602692 0.5192006934015224 0.2 51.65 0.9844431386836904
307 158.006375 47.93219486604642 0.1815667203887064 0.055056295367088025 0.6213900653067079 0.3333333333333333 101.9 0.9790569173665891
308 104.538 66.24010424249374 0.15214872935805676 0.09639372016392932 0.41494958919580993 1.0 0.9 0.937664508390191
309 165.701875 50.091471385465894 0.18789155649696482 0.0567744672242665 0.6714998616707025 0.25 51.9 0.9825596868319851
310 212.5 1.0384369719553075 0.24816213704313084 0.0012214380628576917 0.5 0.25 1.5 0.998003992015968
311 202.75 1.0802899631088998 0.24792010979276607 0.0013314872871726796 0.5 0.25 1.5 0.998003992015968
312 119.52075 69.49670550627326 0.14409968159518002 0.08377640909870558 0.515015380243118 0.25 0.8 0.954650087241143
313 204.95525 4.30840702405055 0.2435305755232858 0.0051463573999547246 0.3039051308676657 0.3333333333333333 0.0 0.9929944610692077
314 157.6135 54.068574822250994 0.1824016855884041 0.06254239262653061 0.5716860362723475 0.3333333333333333 27.025 0.975554147901193
315 168.965625 41.18632076109629 0.20132751577963937 0.04905398670322254 0.615341377926343 0.3333333333333333 51.2 0.9833130675726672
316 161.41625 60.921426854954404 0.16362969146351855 0.06165669460756754 0.6082400304315025 0.25 126.85 0.9787927831285748
317 129.81925 58.4538753435009 0.17113871561653082 0.07699724052502845 0.6444754848684768 0.5 25.7 0.9654960640343114
318 170.79425 47.84203465499646 0.18970669540664478 0.05313498689150628 0.6191632297477662 0.16666666666666666 52.15 0.9793210516046034
319 167.50125 43.81197742607631 0.18847954129070071 0.049258841362788304 0.6872832968832752 0.3333333333333333 26.7 0.9829363772023262
320 195.796875 4.235568092554207 0.24238999476112638 0.005263232850374999 0.5358400777771957 0.5 0.5 0.9957438497939218
321 128.08625 81.51183259041115 0.14101669753519713 0.08926274623097277 0.4301880647536536 0.5 75.7 0.9595815742411814
322 180.639625 32.875056375195456 0.20898427852278506 0.0380306383320617 0.6812806922082935 0.2 52.275 0.9869674151437511
323 157.320625 50.72799191428853 0.17202171075386832 0.055271902630050024 0.5247318764552622 0.3333333333333333 76.6 0.9900934942388061
324 161.01625 55.38373358715503 0.15905778161363682 0.05468450378932632 0.6472030686136022 0.5 50.8 0.980299544609939
325 208.8375 0.7269254476871443 0.24851024009396094 0.0008661709449735505 0.3163989002671934 0.5 1.0 0.991751833825858
326 160.449 47.97146926539777 0.18852011039117855 0.05632301357073675 0.6424653763419302 0.1 52.125 0.9766842190122161
327 199.44375 6.932795987549101 0.23933630401920009 0.008159735969255294 0.5349963534706852 0.3333333333333333 1.4 0.9953671594235808
328 154.840625 64.40776601769542 0.15172239849287988 0.06312407347702222 0.6261624238548191 0.08333333333333333 126.475 0.9780394023878927
329 153.146875 62.42121132778998 0.1470991868524975 0.05973156526914569 0.6112414868405316 0.25 226.5 0.9655350860076723
330 211.5625 1.3162713969225246 0.24764192347485312 0.0015519475823245529 0.5 0.25 1.5 0.998003992015968
331 194.336875 4.59228704283342 0.2422852299926484 0.005729127261328126 0.29547378847299655 1.0 0.0 0.9961205401642629
332 187.78825 12.768063311410417 0.2314349733655087 0.016133849184020277 0.5363582996350336 0.3333333333333333 1.0 0.9916002557201703
333 110.58 64.18092948455053 0.1500876312747611 0.08709899322651989 0.5489973721857531 0.25 25.5 0.9512598739080735
334 197.404375 1.2049846086560732 0.24795252567568055 0.0015231450924013546 0.29227863948098043 0.5 1.0 0.9941245321802309
335 182.35475 3.1004012219454045 0.24485352465770172 0.004235974804649537 0.4180732801712837 1.0 0.0 0.975930838271534
336 195.3115 4.882842075344388 0.24364292841760607 0.005897884105857163 0.5394451165464813 1.0 1.475 0.9942370883125576
337 156.75825 59.24704327017174 0.1713330059765191 0.06476357472292639 0.6479388670746504 0.047619047619047616 76.85 0.9697522142403896
338 181.865 14.474091085139877 0.23153552085841977 0.018823433765842522 0.5530745754881512 0.2 1.2 0.997250611275286
339 186.22125 18.34983852204935 0.22254075862903813 0.022015016704959738 0.3038915698756098 1.0 0.0 0.9938603979422166
340 104.76875 65.9885211566406 0.15328885707974385 0.09652957227948834 0.4157204950511617 1.0 51.0 0.937664508390191
341 162.816625 50.18234143245515 0.18827329743170956 0.058008809530854945 0.5738184817669176 0.02564102564102564 151.95 0.9774375997528981
342 127.088 69.45902371350797 0.18859114731146062 0.102727371493005 0.618850837103691 1.0 0.525 0.9531778379453836
343 172.4525 48.36609335184105 0.17610402361259514 0.049333668109952836 0.6595267977663044 0.25 152.125 0.9840664483133493
344 152.405875 57.52567067444681 0.18401227616613314 0.06942325690158035 0.6634531827727808 0.16666666666666666 126.4 0.9705055949810717
345 176.624375 27.947800494401815 0.20394864846881405 0.03261881634836463 0.5767532805075835 0.25 26.0 0.9867032809057367
346 188.9325 4.940618753517208 0.24135366903216796 0.006346639001651163 0.32754467782149327 1.0 0.15 0.9886257547308028
347 170.96625 27.378976608148268 0.21486671518743242 0.034317816054969856 0.6533250326473412 0.25 1.225 0.9908468749794882
348 176.383125 36.906779284125456 0.20566296332313175 0.043025596110622205 0.6781841784541549 0.2 26.95 0.9847072729217048
349 123.31575 67.41306513699642 0.14302308451677612 0.07815448305235881 0.6294940435797106 0.5 26.2 0.9606381111932387
350 218.8125 0.0625 0.24992812113235005 7.18788676499778e-05 0.25 0.5 1.0 0.998003992015968
351 167.840625 29.427984796356835 0.20940630024489293 0.03621053332036183 0.26541866112548324 1.0 0.05 0.9720123564624359
352 190.39675 7.415565679437301 0.23971131753096603 0.009281981528294842 0.30345926970838943 0.5 0.025 0.9906217627148348
353 161.385625 37.39380556336966 0.19240375189998976 0.04467400990314965 0.4260020553835688 1.0 0.0 0.996873920904945
354 125.066 84.42465403123569 0.11557339145851189 0.07797394006549128 0.5803025006047561 0.3333333333333333 201.275 0.9596596181879032
355 101.47125 55.469300365965246 0.16047923986307752 0.08773926799059464 0.4074487109044312 1.0 1.075 0.9576981223894762
356 134.8375 77.6028585881299 0.1584317354306744 0.091141233415651 0.6052237115057923 1.0 0.925 0.9712589757217538
357 203.4375 0.8362765512072086 0.24846134637780384 0.0010293951046449962 0.5 0.25 1.5 0.998003992015968
358 196.732375 7.774166688123692 0.23803455265354023 0.009399422300971187 0.2918812356050601 1.0 0.0 0.9841444922600712
359 154.34875 55.640054655993744 0.17055002926885793 0.0615483920826901 0.6583024060611072 1.0 25.25 0.9693019897110828
360 188.8785 6.750323825525241 0.24093315808690074 0.008601253984228386 0.28288753582494625 1.0 0.0 0.9953671594235808
361 183.3375 28.518285293548534 0.1978251033114517 0.03075787146558186 0.6749003017586522 0.5 0.25 0.9870799712760777
362 120.909 69.26764455298274 0.1395893526375114 0.07995146876931605 0.5724611651458289 0.25 1.025 0.9558927144844928
363 212.25 0.3897974471063006 0.24926065941985256 0.00046110891309368546 0.25 0.5 1.0 0.998003992015968
364 195.266625 5.772074878355908 0.24039195368339822 0.007130463302536828 0.30752788523247004 1.0 0.025 0.9942370883125576
365 146.514875 71.08222166970116 0.14578764611276934 0.07067186157660944 0.6113729534516269 0.5 126.675 0.9711464195894272
366 194.1005 5.461832160458375 0.24260861366930045 0.006759736954875044 0.32912853972858225 1.0 0.35 0.9885131985984761
367 176.399125 31.525380811134607 0.2110617632574399 0.037685086850130264 0.6790324649428943 0.2 26.975 0.9867032809057367
368 124.62075 66.53134288618939 0.14938738720557432 0.0797602249807378 0.6539052627732873 1.0 26.425 0.962521563044944
369 149.289375 71.16617350847334 0.15059522680090573 0.07169275396043588 0.6489086659482203 0.09090909090909091 76.25 0.9746491890548232
370 166.91125 42.559141716363165 0.19383710441218993 0.049417844748830535 0.5997052626267176 0.043478260869565216 2.0 0.9825596868319851
371 161.067875 48.545488480777394 0.18397597122316228 0.05550820187406859 0.590208037380849 0.125 50.375 0.9805636788479533
372 191.06925 6.231088317144164 0.24030237179920255 0.007827790453840364 0.523714814194931 0.5 25.3 0.9929944610692077
373 191.122625 7.254968484330008 0.23678628571097948 0.008933654917723495 0.6603325336860237 0.3333333333333333 1.65 0.9964972305346039
374 216.5625 0.8520780987944249 0.24848351917821823 0.0009845029298910476 0.25 0.5 1.0 0.998003992015968
375 164.8025 66.22475868675797 0.1619919218788125 0.06504958395423918 0.606189821125456 0.02702702702702703 26.725 0.9791694734989158
376 173.221875 38.9860649483423 0.19604013253695043 0.0441168855835116 0.6636245199110801 1.0 1.675 0.9863265905353956
377 193.2825 6.1588638072561315 0.24211109172748918 0.0075406277912098705 0.31082708210701576 1.0 0.25 0.9741644523399116
378 121.01025 72.81802490535586 0.14267492733481596 0.08578408703619808 0.5224706995087998 0.3333333333333333 0.6 0.9547626433734696
379 200.03975 4.7463977792331615 0.24337356388650025 0.0056877886774314435 0.3820556211406998 1.0 0.0 0.992128524196199
380 161.86 59.803835768211734 0.16168072904151387 0.059733190727472095 0.6320459656555164 0.25 127.1 0.9814296157209621
381 145.858875 68.79134030509991 0.1378162313151963 0.06492959083417041 0.6289474247865314 0.2 126.5 0.9726531810707912
382 157.71 53.87874089834325 0.1862584824783597 0.06362996894833918 0.6289742723391928 0.3333333333333333 76.925 0.9791694734989158
383 118.89975 63.3571718496152 0.15014912286176035 0.0799330839969215 0.5296328076823196 0.3333333333333333 0.825 0.9523899450190967
384 100.285 52.97941230895862 0.16305293446647123 0.0861315678283656 0.40674413162941225 0.3333333333333333 26.175 0.957698122389476
385 168.550125 45.7684351248806 0.1920290745516156 0.05214066763867318 0.5690937100290747 0.3333333333333333 52.0 0.9805636788479533
386 100.15975 74.29416637352044 0.14256316716697529 0.10571048538843493 0.5681874651915338 0.5 51.025 0.9348025635331502
387 137.099375 77.23843807601183 0.12665344688474098 0.0713440352664598 0.644579205638795 0.3333333333333333 50.575 0.9651583956373313
388 102.254625 58.307654739670205 0.1590320783727636 0.09058758169781507 0.4149328121596257 0.5 25.9 0.937664508390191
389 187.722875 6.775256595946242 0.2388490770919988 0.008542799602546988 0.2774789931978491 1.0 0.675 0.9957438497939218
390 157.5605 57.81537673875908 0.17281509140486398 0.06340154940005571 0.546095281720095 0.3333333333333333 0.425 0.9771734655148838
391 165.400625 57.48502413294986 0.17031924254635936 0.059139513459353046 0.6457948486200998 0.16666666666666666 1.975 0.9814296157209621
392 159.25 42.76888298976698 0.19366891837325997 0.051997154047890244 0.5783457745101448 0.5 125.75 0.98067623498028
393 168.490625 49.58559128905552 0.19459811397260035 0.05727756792562498 0.6035888226550148 0.3333333333333333 52.0 0.9821829964616441
394 133.369875 59.875326038442395 0.15447076248482677 0.06930065392782461 0.6502900053980487 0.25 26.6 0.9631623876532993
395 192.607 4.931676113562235 0.24167200141972858 0.006260907474570974 0.5410047688375942 0.3333333333333333 26.15 0.9934837075718755
396 163.0475 48.44557471278678 0.19192671457765584 0.057008297171172416 0.5515149129430842 0.058823529411764705 0.45 0.9799228542395979
397 130.72825 59.447470858808295 0.17184250642274806 0.07813621558022177 0.6795894270936422 1.0 26.675 0.9657601982723257
398 147.401625 63.68574971245359 0.14862271110647 0.06418512528818923 0.675487289073263 1.0 25.475 0.968812743208415
399 101.57625 52.811974087373535 0.16436075299762679 0.08543842483129171 0.4074487109044312 1.0 1.3 0.9576981223894762
400 194.815 10.381014067041594 0.23275057342915892 0.012704573019376789 0.5397291299439937 0.3333333333333333 1.525 0.9949904690532397
401 165.5475 63.12937866160764 0.16582113270094398 0.06324004087968325 0.653839748129675 0.25 52.125 0.9821829964616441
402 171.569375 13.128152528952171 0.2251842180990756 0.017351632137529358 0.3011939489896612 1.0 0.5 0.9964972305346039
403 158.93475 50.93455908596852 0.1860882709445657 0.059615669820180316 0.569020671522974 0.2 151.95 0.9754415917688662
404 193.79675 6.715775311376571 0.23958724167952572 0.008519443068467669 0.5604242113907014 0.3333333333333333 1.375 0.9891150012334706
405 186.649375 17.4353798926085 0.2214079224448557 0.02060819846933282 0.4704519442260402 1.0 0.1 0.989340113498124
406 110.2615 75.28577700774215 0.1413800904892336 0.09638609093035376 0.6153665264308629 1.0 25.9 0.9476445483103507
407 171.1755 41.008815229897394 0.19242258062270443 0.04608735310696139 0.6242418713560013 0.3333333333333333 226.725 0.9832005114403406
408 143.086625 67.8173135439137 0.17384445300233103 0.08232440242035197 0.6857006152406067 0.5 26.1 0.9697522142403896
409 217.625 0.3460399979491757 0.24951916411737757 0.00039949964495712253 0.6462348620485163 0.16666666666666666 2.5 0.998003992015968
410 204.6875 1.9799102425614168 0.246735232808696 0.0024051703613422576 0.5 0.25 1.5 0.998003992015968
411 153.469375 66.51136438300314 0.1759449787094567 0.07623270938480686 0.6327866142732208 0.16666666666666666 101.475 0.9761559505361874
412 139.465875 61.64727075569048 0.16112536968090205 0.07146799104961864 0.5588278410985656 0.04 0.275 0.973558139917161
413 161.607125 50.8819427532307 0.16325446241997413 0.05140642078307309 0.6285973640554156 1.0 1.1 0.9770609093825572
414 119.361375 61.110224733757896 0.165298081779225 0.0844919277823018 0.5296315068974887 1.0 25.45 0.9470427456753563
415 218.8125 0.0625 0.24992812113235005 7.18788676499778e-05 0.25 0.5 1.0 0.998003992015968
416 102.35875 52.66496931426123 0.16253405172447224 0.08360433903169014 0.4086541299622023 1.0 0.875 0.957321432019135
417 137.985625 68.37977457728485 0.14405275353282565 0.07096583086964985 0.5298864117577303 0.5 0.25 0.9705055949810717
418 88.7545 88.46415908017617 0.1172682027359777 0.11667712618849249 0.5171651052645893 0.16666666666666666 25.775 0.9332177581050642
419 197.095 5.161817747247708 0.2418403266567943 0.006324030823579815 0.3045947013727681 1.0 0.025 0.9906217627148348
420 145.7645 53.30720132344161 0.17288014787911224 0.0631495938914697 0.5641544607112317 0.5 0.325 0.9709213073247736
421 127.998375 69.2925055524825 0.15885585235970723 0.08596625153875204 0.4119742215226425 0.5 0.375 0.9580748127598172
422 100.025 53.282838463285714 0.1620685431099215 0.08633077997989323 0.4086541299622023 0.2 50.8 0.9573214320191351
423 108.3075 67.27117169583624 0.14682961847539902 0.09115180129556234 0.5317937212259506 1.0 1.2 0.9375519522578644
424 165.267 47.134796540300584 0.18048894799396858 0.0514697606334161 0.6111961955763108 0.3333333333333333 151.9 0.9745756548958574
425 174.16875 38.04970734937038 0.19169301244139314 0.04187396350565543 0.6434413109639877 0.25 1.375 0.9874566616464188
426 202.329 3.1323795666777525 0.24458075679698357 0.003811341417858579 0.2828934339080876 0.5 1.0 0.994877912920913
427 206.0625 2.793678332001002 0.24586717961297488 0.003358801574718382 0.25 0.5 1.0 0.998003992015968
428 141.960625 74.31803576499541 0.1496132336011283 0.07831031001355124 0.5405590308930528 0.25 25.825 0.9746491890548232
429 203.3625 1.7554969743344604 0.2467695257088651 0.002147262792015037 0.6501480574043268 0.16666666666666666 2.5 0.997627301645627
430 107.205625 75.57605461562095 0.1469221096279503 0.1035504251045365 0.6049339100427737 0.5 1.65 0.951861676543068
431 208.25 0.9481651183814402 0.2483478549231415 0.0011392773326420846 0.25 0.5 1.0 0.998003992015968
432 153.155375 61.60617236507478 0.15871064203866678 0.06381255943226452 0.6687905373199939 1.0 126.5 0.960564577034273
433 112.385 104.79620746997331 0.12948254926551875 0.12072683374773241 0.5944242131266998 0.16666666666666666 101.35 0.9622184068335687
434 109.9235 63.08706859889848 0.1600850981764153 0.09183941458218166 0.588181486376557 0.25 0.7 0.9555160241141517
435 121.34075 67.41763584923189 0.1532425002666573 0.0851410020407072 0.6112001030599515 1.0 51.4 0.9571353417278426
436 133.763625 75.94120138825008 0.14622910231475628 0.08295141268180778 0.5603201190209747 0.3333333333333333 50.825 0.9697522142403896
437 198.0085 3.1793930372790147 0.2450205639932264 0.003937123811214346 0.290272762882142 1.0 0.0 0.9946137786828987
438 145.959375 76.52371417109008 0.1570917784897084 0.0823321367190579 0.6387788447503308 0.125 176.55 0.9735191179438001
439 105.02375 65.56517179753688 0.15269545906796805 0.09530220852560722 0.4135147916097224 1.0 25.575 0.9364218811468412
440 188.9955 8.624182195707808 0.23741554223644493 0.010272154858468333 0.5756704078123942 0.3333333333333333 1.4 0.9863265905353956
441 139.156875 77.14299508399408 0.16030927555832244 0.08884098702454649 0.6643566870633046 0.5 126.8 0.9720123564624359
442 203.75 1.9313743685579652 0.24619444165888593 0.002351986508185517 0.25 0.5 1.0 0.998003992015968
443 164.163125 48.714859469247344 0.1666683114530355 0.04942886593388859 0.6492171772947486 0.023255813953488372 26.225 0.9760824163772216
444 173.37625 9.569679409338292 0.23463053660607508 0.012909279923177874 0.28832511527719173 1.0 0.0 0.992128524196199
445 149.19225 50.4037547120028 0.1739922925962942 0.05884751640013617 0.4886467549092815 0.5 0.225 0.9767967751445428
446 194.775125 4.46941961648209 0.24310062865176774 0.00554348715139022 0.5439628042982917 0.3333333333333333 1.475 0.9942370883125576
447 151.915625 71.53337000321059 0.16740596773860852 0.07882634713711814 0.6068571806347931 0.0625 51.375 0.9765326409065285
448 113.212625 70.82994813709314 0.1389238156322243 0.08693867491190764 0.5406759616058824 0.25 26.4 0.9446700473209833
449 166.1635 43.013612208571054 0.19900818026406797 0.05145181456577794 0.5623320232644551 1.0 25.675 0.9793210516046034
450 131.37 85.99416382916235 0.16614097775847175 0.10873394235173692 0.6520366119283734 0.06666666666666667 50.9 0.9686221431293665
451 152.7485 59.77405817053137 0.20180698799267655 0.07897911135272491 0.7188032838542874 0.125 102.2 0.9644785490556149
452 166.033125 47.23446222934221 0.18959806316640948 0.053952628432967636 0.6169864973871415 0.3333333333333333 51.975 0.9825596868319851
453 192.41225 9.043991613937107 0.23526504958505073 0.011148220902218715 0.2858873670797036 1.0 0.0 0.992128524196199
454 133.268125 42.23203751950438 0.17799864520098796 0.05656201237717755 0.2848281489181008 1.0 25.275 0.98659072477341
455 165.1125 45.23894775914401 0.19428895043435712 0.053228949300309095 0.5791691158546876 0.3333333333333333 52.0 0.9818063060913031
456 144.779125 71.09752891206958 0.13511885972215873 0.06634759020049713 0.6790992350458672 0.5 125.95 0.9641799026319958
457 187.117375 5.147461027579464 0.2410093172272917 0.006678732217226088 0.5922411745038617 1.0 1.675 0.9831269772813748
458 190.696875 5.902996891206994 0.2406983259190781 0.007429833628419125 0.30410229200097083 1.0 0.2 0.9957438497939218
459 216.1875 0.5655821689602565 0.24934670111125956 0.0006569353450811292 0.25 0.5 1.0 0.998003992015968
460 186.931875 3.7900446599638817 0.24398535613229563 0.0049478655239718885 0.33732201091814923 1.0 0.0 0.9913751434555169
461 168.745 45.2804634594248 0.19706637100468938 0.05286114783797241 0.6043613749226208 0.25 1.025 0.9821829964616441
462 130.8875 45.236399784524735 0.17119020213407174 0.05924413775286457 0.6078995353495401 0.5 0.3 0.9738958083141411
463 179.8625 8.167578314890802 0.2378968025042942 0.010678313019941404 0.3251451476860838 0.5 0.1 0.9949904690532397
464 157.14 66.97782867587675 0.1621376683211255 0.06910266055032517 0.6050051217743959 0.25 151.65 0.9791694734989158
465 210.2025 2.028342683510371 0.24765827292625975 0.0024018007092392124 0.2828934339080876 0.5 1.0 0.9941245321802309
466 218.125 0.541265877365274 0.24913745358820027 0.0006224892538014021 0.25 0.5 1.0 0.998003992015968
467 141.930625 79.91570863000246 0.14773425770625453 0.08310253909051457 0.53502373461291 0.5 0.85 0.9712589757217538
468 155.94 40.67252243343269 0.17553057685843876 0.04464267639042047 0.4354420521593373 1.0 0.6 0.9949904690532397
469 201.8125 4.287487833347543 0.24316894526978688 0.005206823141947233 0.5 0.25 1.5 0.998003992015968
470 209.9375 1.190789398726822 0.24850932843170376 0.0014200819411418575 0.5 0.25 2.0 0.998003992015968
471 199.069625 6.755044472833395 0.24077324177861736 0.008254681552399015 0.545007645697254 0.3333333333333333 51.175 0.9934837075718755
472 122.33525 67.05180674121381 0.156416050117893 0.0856625392924245 0.6006519620851044 1.0 126.525 0.9415829901992891
473 146.459375 74.48720754086325 0.1796487981399423 0.09137010454860117 0.6643470762010023 0.5 50.95 0.9738958083141411
474 190.5545 5.158346894780277 0.24114290724086668 0.006541861415570343 0.32325754370508003 1.0 0.0 0.9890024451011439
475 217.125 0.3697549864437261 0.24942162008725466 0.0004277177135929381 0.25 0.5 1.0 0.998003992015968
476 114.17225 91.66516115212048 0.13706770650983094 0.11008213178189907 0.3950823083605293 1.0 0.7 0.9110410678038156
477 190.665 12.66690380562652 0.2349147385641545 0.015219028880070394 0.5097964429213891 0.3333333333333333 1.6 0.996873920904945
478 131.77275 73.06931362117054 0.14240691760882496 0.07895353192740137 0.6335127360097714 0.5 25.925 0.9600363085582443
479 171.443 40.701483228706564 0.18473640106674138 0.04384095073594459 0.7009325571045039 0.25 102.0 0.9829363772023262
480 197.85 3.984230164339667 0.24648353393591105 0.005005264702975362 0.5084026930947884 0.25 1.5 0.997627301645627
481 195.255375 4.642333625629107 0.2434741685227264 0.005717906672722448 0.31536141584317856 1.0 0.2 0.9902450723444938
482 170.010625 46.65336275949571 0.19276705378209738 0.052906539603604696 0.6144218742364072 0.3333333333333333 26.975 0.9836897579430083
483 141.95375 71.29892707907976 0.15521706648314312 0.07793619823030434 0.5410507847397727 0.5 76.25 0.9754025697955053
484 133.064375 82.24258936837339 0.1416861344360426 0.087548950153991 0.5245200492177686 0.5 151.5 0.9705055949810717
485 134.655125 59.361116332808955 0.17065893982352454 0.07523341128661218 0.643279956072135 1.0 101.4 0.9636516341559671
486 171.215625 40.35611382153376 0.19565727034158117 0.04609948196696348 0.5853255132933382 0.3333333333333333 27.1 0.9833130675726672
487 186.00925 6.980327051445801 0.23827978665284724 0.009200740029408894 0.5167588456218601 0.5 0.5 0.996873920904945
488 192.474375 8.657624409855533 0.2373136422528414 0.011083552565097772 0.5125258890672636 1.0 1.875 0.9934837075718755
489 169.5575 44.4068499887889 0.19351159633519108 0.05067851893935914 0.5666868136292378 0.16666666666666666 101.825 0.9821829964616441
490 68.969875 67.22576550445302 0.1261239046576627 0.12225484443336376 0.35835744943033193 0.3333333333333333 25.275 0.9133267026359545
491 188.039375 14.740949346267653 0.22915519291219072 0.017551493393704747 0.658855018402749 0.3333333333333333 1.0 0.9904701846091472
492 170.23875 33.869372590598076 0.19336543067705264 0.03850234273691558 0.6618330305162344 1.0 1.1 0.9885867327574419
493 133.256875 66.13785750522392 0.1562063962713774 0.07750442141451913 0.6738055708802486 0.1111111111111111 151.725 0.9616556261719352
494 212.5 1.2354529755303596 0.2475070349500334 0.0014493840418232633 0.25 0.5 1.0 0.998003992015968
495 215.625 0.9891751791206123 0.24804520469448113 0.001145864210483444 0.5 0.25 1.5 0.998003992015968
496 161.273125 49.71385411178436 0.18296072394842441 0.056400749504125484 0.5955073396523173 0.25 102.025 0.9799228542395979
497 210.4375 1.3714908944824633 0.24770256890696032 0.0016262739740927974 0.25 0.5 1.0 0.998003992015968
498 104.399 61.84646976758666 0.15444622479628836 0.09149510629622917 0.45414332872309165 1.0 26.0 0.9498656685590361
499 174.49325 37.784758219662145 0.20112053220271778 0.04358970425640616 0.6719812192966633 0.2 27.325 0.9874566616464188
500 163.565 50.955508337340696 0.17442709761322067 0.054190831734402395 0.6767731699956779 1.0 50.775 0.9784160927582337
501 175.309375 37.09780686429624 0.20134946858110497 0.04261874462626357 0.6681638010031329 0.009174311926605505 102.0 0.9870799712760777
502 137.18625 64.9589846447533 0.16971257840812654 0.08024035789012421 0.693969590284066 0.16666666666666666 0.725 0.953069791600813
503 198.688 4.175351386037029 0.24402936378406423 0.005197804376650774 0.32367083824011683 1.0 0.0 0.987006437117112
504 183.684375 5.912232061059988 0.24220913752013187 0.007409233102405329 0.4142813231396823 0.3333333333333333 2.0 0.997627301645627
505 129.639125 67.4066023616211 0.1537878071401684 0.07998004582529171 0.6393586495727006 0.3333333333333333 26.275 0.962898253415285
506 167.312 37.47411845785272 0.19960614500032517 0.044696043683850536 0.5816284121061677 0.3333333333333333 77.025 0.9812045034563086
507 214.75 0.3210930852075091 0.24956110217135566 0.00037580548770744837 0.25 0.5 1.0 0.998003992015968
508 155.1 60.290910745030885 0.16044007837785973 0.0623077380948923 0.5992551622413808 0.25 52.05 0.981052925350621
509 115.417375 75.32927508823262 0.14260619674543154 0.09316844529892071 0.6009685067707125 1.0 25.8 0.9535200161301198
510 182.018125 32.58188882170516 0.20650092608719572 0.036953450494199354 0.6840928939024696 0.2 77.125 0.9850839632920458
511 215.9375 0.8052415584900441 0.24862314000108046 0.0009336462242968967 0.25 0.5 1.0 0.998003992015968
512 165.521875 47.27581537752098 0.18762322677590457 0.05359634673433314 0.5809671826141124 0.3333333333333333 27.075 0.9818063060913031
513 108.13625 65.99346191069193 0.14734744340877057 0.08989551806386667 0.5313544020584046 1.0 0.4 0.9460252306966598
514 131.765625 63.465370116350584 0.15460532099666563 0.07443756350628593 0.6459253706456236 1.0 76.3 0.964894261399317
515 205.375 0.8971499336567357 0.24877922497056693 0.0010952182366656842 0.25 0.5 1.0 0.998003992015968
516 168.251375 40.97670053898408 0.1808659097482605 0.0440990759231073 0.6699505320487218 1.0 0.85 0.9843305825513637
517 118.414 62.83494700421907 0.14647369978833993 0.07769949299297899 0.5510541843264094 0.14285714285714285 26.125 0.9536325722624465
518 138.385625 74.58207581561751 0.1582859415972352 0.08524911774343946 0.613379966772697 0.05263157894736842 151.2 0.9708822853514127
519 121.83825 67.52596580663493 0.15962884787174186 0.08835311167979273 0.6918849019600447 0.2 51.525 0.9552518898761374
520 161.744375 44.679347799969094 0.1907833409110529 0.05267672089140703 0.6267363228773578 0.3333333333333333 351.55 0.981052925350621
521 172.681875 30.731267994423114 0.2063585527860798 0.03665641244677415 0.6578773615567303 0.2 2.325 0.9863265905353956
522 100.04125 53.663514177680746 0.16258407074585018 0.08721426408938789 0.4086541299622023 0.5 0.6 0.9573214320191351
523 120.481 82.71360631946494 0.13521561879817193 0.09280577854190418 0.558691183025973 0.5 276.4 0.9636126121826062
524 104.925125 87.67050512700499 0.1282376209609181 0.10712821200738062 0.5809735938395761 0.1111111111111111 75.825 0.9453844060883044
525 173.647875 32.97588317587363 0.20449797713802556 0.03877123946487633 0.6673697836917333 0.2 77.175 0.9854606536623869
526 218.8125 0.0625 0.24992812113235005 7.18788676499778e-05 0.25 0.5 1.0 0.998003992015968
527 155.42525 53.55065401149929 0.15920039234599306 0.054900373060032794 0.6362472526983713 1.0 0.625 0.9706571730867594
528 154.239 48.86350453265605 0.19953590041651023 0.06322186935429343 0.663761114275697 1.0 26.45 0.9754025697955052
529 181.07125 9.77800569601965 0.23470533808813476 0.012493936616708825 0.42063514508884126 0.3333333333333333 1.8 0.997627301645627
530 206.625 1.0879072479289316 0.24833479577982753 0.0013175495931165976 0.25 0.5 1.0 0.998003992015968
531 193.791625 4.57340240793603 0.2439485002513763 0.005561043499401285 0.5885613373114317 0.2 2.225 0.997250611275286
532 165.8725 51.41679859298151 0.1690882109022451 0.0523645373663384 0.6335545988391137 0.25 127.05 0.9836897579430083
533 158.151125 59.307369842239694 0.15202856321006783 0.056969529840644045 0.6760783055975748 0.3333333333333333 276.675 0.9771734655148838
534 182.27725 15.923712597611571 0.21901999205282902 0.017914140845069326 0.6505300767506603 0.3333333333333333 1.5 0.9816202158000106
535 204.51875 0.7732870659666331 0.24931837652304556 0.0009494630221268428 0.504195575705674 0.25 1.5 0.997627301645627
536 195.866875 6.268601591629834 0.23862576028132113 0.007552006340252767 0.5083331607627846 0.5 0.5 0.997250611275286
537 207.0625 2.2695757307509066 0.2466738963067804 0.0027242498770705995 0.6462348620485163 0.16666666666666666 2.5 0.998003992015968
538 161.350625 54.880102238581294 0.18353664126822464 0.06242421750980564 0.5565848929178122 0.3333333333333333 27.075 0.9775501558852249
539 163.44925 51.14272803653895 0.18860303349857452 0.05904480769662461 0.5758168422442838 0.3333333333333333 126.9 0.9758182821392073
540 168.424875 45.68716128811899 0.18767524197433938 0.05088422085832217 0.5465020600589452 0.3333333333333333 25.55 0.9809403692182943
541 183.507 31.47602537979939 0.20908690150294681 0.035858475288725 0.6960835311127481 0.1 27.05 0.9782300024669411
542 166.471875 40.58409553545987 0.19147444000301755 0.04664437562713595 0.6015936421334457 1.0 25.875 0.9836897579430083
543 137.54725 56.585931641868086 0.16031885959011766 0.06591172213420972 0.6652407084643068 0.2 1.45 0.9646691491346635
544 198.927125 5.7533346406216905 0.2419778319926124 0.0069553455697179065 0.6047239490890544 0.3333333333333333 1.625 0.974350542631204
545 150.23775 72.19854735000615 0.14011077463553212 0.0673406978251665 0.641746710737392 0.16666666666666666 51.325 0.9749133232928375
546 215.5625 1.0778882032022077 0.24790092770483488 0.0012483118701390825 0.25 0.5 1.0 0.998003992015968
547 110.40525 64.03394389516416 0.15213696710895017 0.08815126486274258 0.4771478919593482 0.3333333333333333 0.85 0.9411672778555872
548 115.98925 65.84163629460588 0.1521955987943001 0.08627930109772264 0.6231641412059256 0.3333333333333333 0.6 0.9474194360456973
549 181.757625 31.893664073195566 0.21156374007638318 0.03711191434171293 0.6937539983202412 0.2 27.225 0.9847072729217048
550 114.20725 81.90470000010936 0.13165731114346885 0.09438685974086368 0.6021646809444808 0.5 0.6 0.9414314120936015
551 122.61975 62.52749080520615 0.15519891570122893 0.07912171007002032 0.5982970229222615 1.0 26.35 0.9575120320981837
552 151.84125 64.94092408597079 0.15494085085259493 0.066249943885632 0.6115617784215471 0.5 276.225 0.9749133232928375
553 199.255 2.1527473489280697 0.2466187578389311 0.002686320202586355 0.6501480574043268 0.16666666666666666 2.75 0.997627301645627
554 171.615625 33.35221251610663 0.2037345026421159 0.03957053575985406 0.6566169671908908 0.25 1.7 0.9863265905353956
555 197.502375 4.2015304572507945 0.24365857773602193 0.005207892342444345 0.3090284424942624 1.0 0.0 0.9949904690532397
556 124.67175 73.15970846574893 0.13402229995314446 0.07863645334180111 0.5784097522068229 0.3333333333333333 0.425 0.9633874999179528
557 121.660375 68.81979459735847 0.15334001934978841 0.08666686981528747 0.5909909963222587 0.3333333333333333 25.875 0.9444449350563299
558 181.30175 27.43755873352063 0.2147374370164142 0.03191130210950002 0.6291983004967773 1.0 0.7 0.9776627120175516
559 209.1875 1.30616060776902 0.24813343997666285 0.0015608628722946238 0.6462348620485164 0.16666666666666666 2.5 0.998003992015968
560 218.8125 0.0625 0.24992812113235005 7.18788676499778e-05 0.25 0.5 1.0 0.998003992015968
561 201.559375 4.684149215674217 0.24265768847156186 0.005625736954601901 0.3057237763629853 1.0 0.0 0.9946137786828987
562 195.344375 4.25200037195443 0.24327111620245828 0.00532004340474815 0.30735732051065834 1.0 0.0 0.9957438497939218
563 208.375 1.115736534541017 0.24775391712765982 0.0013365544939238586 0.25 0.5 1.0 0.998003992015968
564 194.259375 8.003739828734908 0.23890388409280258 0.010251666477232172 0.531221320374657 0.25 2.0 0.9931070172015345
565 162.325625 45.45831076582278 0.18510111729092238 0.051837021496092386 0.5791941674251656 0.3333333333333333 25.675 0.9821829964616441
566 197.765125 4.048500749659166 0.2437804725425527 0.0049781019053858665 0.2917436024753147 1.0 0.0 0.991751833825858
567 194.663125 4.441467567112357 0.24254629366496266 0.005548782688632628 0.28893582242692 1.0 0.0 0.9961205401642629
568 161.7645 48.81509523142909 0.19095843015405256 0.05758439130499772 0.5595847753011655 0.25 151.825 0.9732204715201809
569 193.729125 6.806421960253543 0.23971344551584622 0.00851947743432832 0.3176560294240683 1.0 0.0 0.9878723739901207
570 147.620125 63.85538939188289 0.15498942287802686 0.06707613853487442 0.6169074047910955 1.0 75.825 0.9729173153088057
571 130.391875 64.78278819057692 0.15924812024972415 0.07909322542674553 0.6228628452531758 0.3333333333333333 0.625 0.9559317364578537
572 182.485 28.798913458618518 0.2153314209833606 0.03394925430322556 0.6732781153824616 0.3333333333333333 176.3 0.9885867327574419
573 127.048625 60.18602651650154 0.1675255871584808 0.07931907566837848 0.6077731933399426 1.0 25.925 0.9556676022198394
574 183.16525 16.46731779037448 0.2249049146769473 0.02054276396683467 0.3989008207267272 1.0 0.2 0.9874566616464188
575 195.449 4.024667388062317 0.2436053113527783 0.005034250219964665 0.30289373172152645 1.0 0.175 0.9902450723444938
576 170.635625 28.19742293640909 0.20833484783147235 0.03427849284330247 0.647183331545643 1.0 1.275 0.9904701846091472
577 163.70125 50.07711387791961 0.18912541307549832 0.057880699179628084 0.5679014881895407 0.3333333333333333 151.825 0.980299544609939
578 193.59075 6.434940408309705 0.23913716971709306 0.007984005916523148 0.2887436024753147 1.0 0.0 0.9941245321802309
579 164.041875 61.668798847761266 0.16615063756572648 0.06244894957173871 0.6504900047346657 0.25 127.175 0.981052925350621
580 118.0875 60.80019812928978 0.16362363376254463 0.08413655896252403 0.5645071562671119 0.2 51.25 0.9494154440297291
581 102.802875 103.99805107966515 0.120492087951618 0.12188356881515587 0.4141149150599424 1.0 50.95 0.876619685572605
582 137.72375 84.79197491507938 0.14312612615387058 0.08809303902159261 0.5350317720151277 0.3333333333333333 101.55 0.9712589757217538
583 135.420375 55.3509182959514 0.1717866425438059 0.07008387449889017 0.6157243358785847 0.5 0.575 0.9596596181879032
584 166.41 49.859934702969625 0.1815742673670468 0.054402270082711465 0.5871398038392547 1.0 75.95 0.981052925350621
585 189.756125 6.066723763267674 0.2403388860458283 0.007723702459908744 0.2885389647992675 1.0 0.0 0.9937478418098898
586 180.074 35.73205094825426 0.20568100984238952 0.04081348013495355 0.6821275459257709 0.07142857142857142 52.025 0.9854606536623869
587 193.20425 12.958254745476738 0.2332451223516362 0.014974959786750166 0.4328861978383233 0.3333333333333333 2.0 0.9949904690532397
588 203.808125 3.5453956529884723 0.245408536998393 0.004300743108863822 0.5084026930947884 0.25 1.5 0.997250611275286
589 195.584 5.916036141695769 0.2401319287661336 0.007246222005436105 0.3046609771984607 1.0 0.0 0.9933711514395488
590 178.546875 10.7418727160558 0.23165210706752853 0.013905861691168009 0.5102950452519256 0.5 0.4 0.996873920904945
591 188.694375 21.946760566303603 0.21431947579523297 0.024880307016094148 0.47108003895171485 0.5 51.15 0.9938603979422166
592 173.72875 32.09448711184274 0.20343672094421866 0.03738143852602874 0.666675436612002 0.25 1.4 0.9874566616464188
593 168.728125 48.58424293636328 0.18281921148560776 0.05263751599081175 0.5584744341593497 1.0 0.3 0.9825596868319851
594 66.21225 85.76277055003581 0.10024349439873365 0.12966392522023518 0.5585221694565476 1.0 50.95 0.9280566490526162
595 167.565 43.84119565753374 0.19339942978420332 0.050610194217808074 0.5851668127929928 0.14285714285714285 76.95 0.9829363772023262
596 150.268375 51.377103982938586 0.1730041969003322 0.05948748424336388 0.5529170050466314 1.0 0.575 0.9809403692182943
597 201.244375 5.041964684784573 0.24205633071296545 0.006102624131977243 0.2958681797658982 1.0 0.0 0.9953671594235808
598 170.84 55.65268617565115 0.17234266297237152 0.05613527100861681 0.6352434977611838 0.25 77.125 0.9833130675726672
599 122.13475 62.50038915658324 0.15883577334696672 0.08124175096260075 0.6101491428773056 1.0 1.125 0.9572478978601693
600 207.9375 2.251734773582497 0.24722982058178253 0.0026974305563649405 0.25 0.5 1.0 0.998003992015968
