0 109.53125 36.9143110133095 0.18088171719891705 0.06017155897119484 0.0 1.0 1.175 0.7525898140379605
1 188.25 64.41408340875861 0.17830258230049703 0.061028797401600283 0.39623918152056026 0.3333333333333333 2.0 0.8999534029570851
2 148.76875 36.77799086963438 0.18872673744742394 0.046713669700198523 0.5804820237218405 0.2 2.5 0.7428007682760717
3 218.1875 1.1208670333337554 0.24920933245585025 0.0012890664502755236 0.25 0.5 1.0 0.9985571120662625
4 162.225 27.263953461768907 0.19364048345973345 0.03274552007625221 0.5804820237218405 0.2 1.5 0.9022650000623
5 183.0 80.29396855087255 0.18512035087729248 0.08065769687674945 0.0 1.0 1.525 0.9064088158296755
6 209.3125 4.584999166972202 0.24666103101504652 0.005443260449620532 0.25 0.5 1.0 0.9719846826456964
7 152.96875 31.899119095867263 0.20087599558296307 0.04193725341321269 0.39623918152056026 0.3333333333333333 2.175 0.8103275220166543
8 169.7375 28.707492825869256 0.21049332434537163 0.03581961411944202 0.5804820237218405 0.2 1.875 0.8211131199438443
9 204.781625 193.72214494591475 0.12704642188899304 0.12014735377309574 0.07850631367451909 1.0 0.0 0.962083993927825
10 152.484375 46.58536065534985 0.1832978018394927 0.0559671956880056 0.5 0.25 2.0 0.8679967919493763
11 202.682375 187.1687481477956 0.12705179759446827 0.11726156884282701 0.04796977610989198 1.0 0.0 0.9596979681852883
12 127.540125 33.99296161260626 0.20844493249841078 0.05541159140374756 0.7018300800400871 0.14285714285714285 77.625 0.748029709881103
13 168.328125 51.76678886089709 0.19016065383996403 0.058443208548221694 0.5845216805166361 0.2 2.25 0.8035004997068773
14 131.398625 40.57964906197249 0.18689025505415083 0.05800772568632671 0.6358511041459931 0.25 102.075 0.7439407825125175
15 162.70775 57.80317458994221 0.16777000566375283 0.05963169580282815 0.6522479305960656 0.2 2.1 0.7880439388990865
16 207.558625 200.6753504030321 0.1268908042384321 0.12267329429809534 0.08055252237869234 1.0 0.0 0.9802538558680687
17 211.11875 214.07138767532444 0.12409381001937117 0.125832283601886 0.022625660460114466 1.0 0.025 0.996953777791302
18 138.260375 50.46058717985743 0.17580667053200774 0.06359104495577027 0.39623918152056026 0.3333333333333333 0.7 0.7873160886192013
19 161.701875 102.20643230146011 0.1382260312125707 0.08762143043541397 0.504320028046205 1.0 0.75 0.7693818386786401
20 131.502625 43.757967850203045 0.17138830161587185 0.057293304768066995 0.6918641502720408 0.16666666666666666 2.4 0.738803504297723
21 152.28125 72.92952016442621 0.14282466847200373 0.06839484155666031 0.5 0.25 1.35 0.7622324024330284
22 182.509375 31.702426794553464 0.19838918639621642 0.03452416159899199 0.6271460049116644 0.25 1.575 0.9140253044306182
23 191.75 25.40327845496994 0.2097343288937871 0.027496078261893014 0.39623918152056026 0.3333333333333333 2.2 0.9299263820595413
24 188.91875 68.49080117905352 0.18643133372597503 0.06758092944292533 0.5804820237218405 0.2 2.225 0.9402757120314744
25 191.25075 187.88657146420104 0.1254457575967233 0.12323820746382998 0.07408116774506991 1.0 0.0 0.9109306237417045
26 177.515625 77.37829620381588 0.1687854378521376 0.07398007038252322 0.5 0.25 1.425 0.8937707691917451
27 177.927125 56.885390647265766 0.16110579574914607 0.05147654535492663 0.39623918152056026 0.3333333333333333 2.0 0.9173672333968974
28 155.276875 72.11501256174215 0.1694920689309004 0.07839814791517802 0.40946794288665245 0.3333333333333333 1.775 0.846155467378407
29 150.497125 27.873016464299507 0.19290829811458535 0.035813277793613936 0.7960853592854295 0.1111111111111111 3.2 0.7894886929912325
30 145.26875 29.636020268227227 0.19244073800743206 0.038732874944864305 0.5804820237218405 0.2 2.35 0.7584489519413
31 204.408375 135.97193487855068 0.14180395519927694 0.0942051996192207 0.29654598984279085 1.0 0.1 0.9568978651166903
32 146.94375 35.35943033616693 0.21518202851880722 0.0517700728378997 0.5804820237218405 0.2 2.625 0.861355746810703
33 209.420125 210.16115592886536 0.12369928443888813 0.12413633290624054 0.06914401625460628 1.0 0.0 0.988382122987754
34 130.190125 49.444012282143376 0.17404551877959656 0.06652273995287854 0.710438646345742 0.3333333333333333 1.65 0.705879745904716
35 192.210875 118.65616668297108 0.13171929066378305 0.08121090916264731 0.27350237557684154 0.5 0.7 0.9179162262342985
36 128.328 22.64237451802845 0.21800408320537829 0.03849106804722767 0.7499884583165597 0.125 3.125 0.7564018378663562
37 140.634625 3.7311087870012707 0.23952054335436304 0.006400031269221045 0.4006502171403489 0.3333333333333333 1.825 0.6599801583434545
38 164.167625 51.2049999601118 0.18479268931152582 0.05702059536353045 0.4006502171403489 0.3333333333333333 1.575 0.8814956910090183
39 158.88625 94.21760846626839 0.13821255737862126 0.08200150594468018 0.5801055605649065 0.25 1.7 0.877862916739237
40 157.3125 57.278080932793394 0.1683046544893762 0.060292066789727025 0.25 0.5 1.4 0.8103331677029876
41 210.812 206.64828287395457 0.1257918019600587 0.12330477767678022 0.04796977610989198 1.0 0.0 0.9888916432319592
42 168.322875 53.5438120379701 0.16380486791636817 0.05208866886133248 0.39623918152056026 0.3333333333333333 76.775 0.8881074257898849
43 175.2 53.91838899538211 0.1747189534314951 0.05371503674621242 0.5804820237218405 0.2 2.225 0.9248135055373572
44 153.0 46.799478342679606 0.19158288036687635 0.058561862830247224 0.5 0.25 2.0 0.722882541525241
45 140.743 57.22471162124808 0.1744012671138272 0.07138198986728812 0.48939783841192164 0.2 1.775 0.7705004465181455
46 162.9375 92.69406361157526 0.12597322574193684 0.07165819912819413 0.5 0.25 1.825 0.7541033982922001
47 171.0125 64.13514279768722 0.16488242793393743 0.06186179662492701 0.5804820237218405 0.2 2.25 0.7949788246369303
48 139.37475 48.66614072251879 0.16697564190225797 0.05837249836187159 0.6849763114616503 0.16666666666666666 2.5 0.7564281529284811
49 116.560875 25.711894266968653 0.181196248554418 0.039834296311683885 0.6005819912245897 0.25 2.25 0.7607041866054428
50 159.6375 13.177329758106763 0.23541668607939975 0.019584251894150775 0.5804820237218405 0.2 27.1 0.778720032123031
51 211.256375 151.4794832733589 0.12436719780972233 0.08917975668892565 0.2771993649641064 0.5 0.5 0.9894857071377768
52 150.004 20.723091245931478 0.21505864317466472 0.030083860576068298 0.26880538618957667 0.5 0.925 0.7930196416354024
53 134.5 62.033355983368686 0.15164681922464687 0.06978651957821991 0.5 0.25 1.975 0.6991966249932953
54 146.182875 84.57991734458518 0.1254502036471035 0.07273072847769543 0.7011658258459793 0.16666666666666666 2.7 0.7360113051899738
55 136.13525 48.08641908398617 0.16714341425564302 0.05903890233324455 0.6462348620485163 0.16666666666666666 2.025 0.7311208831364262
56 200.643 186.87226354960728 0.12914092343762046 0.12020463635681748 0.053158706029700624 1.0 0.225 0.9578019224484209
57 171.0 85.25812111141957 0.16727108602276466 0.08211651825961955 0.0 1.0 0.175 0.8208531062515316
58 146.4905 27.30560313018335 0.20772638051130227 0.0381434660283889 0.5419529928364344 0.25 1.85 0.738333456646701
59 169.01975 119.43568495896598 0.14455029966645014 0.10159078717040067 0.030199364964106384 0.5 0.45 0.8467694636388835
60 143.14575 10.90970233357127 0.2339899774714094 0.01795254401908457 0.39623918152056026 0.3333333333333333 1.725 0.671775763660928
61 172.6375 61.359748583504214 0.16626658686957171 0.0590975762042557 0.5804820237218405 0.2 2.25 0.79894000343389
62 153.3125 38.949785304609215 0.19248958611335645 0.049434886039481 0.25 0.5 1.525 0.7935400611361384
63 125.802125 60.4090779079424 0.14439638705019303 0.06934445247168577 0.6462348620485163 0.16666666666666666 3.0 0.7327163134505301
64 156.045375 42.61023289919339 0.1739244689130407 0.04740746554670917 0.40405690726686383 0.3333333333333333 2.125 0.8509827521672925
65 158.563625 60.40048579175457 0.18101608626035426 0.06890080041648008 0.6240229724298414 0.25 1.925 0.8840485458002476
66 146.06875 68.60309199511434 0.14661719995567377 0.06885634710942348 0.5804820237218405 0.2 3.0 0.7397252357095725
67 146.125 43.23872351445327 0.18966873988102495 0.05573678921668352 0.25 0.5 0.975 0.8214388740803689
68 161.578125 66.93406488172424 0.16986010051827127 0.07036469920678003 0.5 0.25 1.15 0.8941010398773438
69 141.35 29.738234501121028 0.1842710812719589 0.03882593728791352 0.5804820237218405 0.2 2.25 0.7372415087743551
70 214.387 151.731457771082 0.12535771192680414 0.08872179607672209 0.2735023755768416 0.5 0.5 0.9956811063180547
71 177.375 77.04372688064578 0.15915955609936983 0.06864245456395471 0.25 0.5 0.5 0.8457842500573332
72 204.38425 198.3193725539266 0.12529511729548518 0.12156926341567321 0.11381392117663439 1.0 0.0 0.9672505825004253
73 153.125 52.68800119147972 0.18285570709128893 0.06293365413836145 0.5 0.25 1.625 0.7156226386720101
74 101.5625 13.429086581063167 0.2140576167919965 0.028497321094023913 0.5 0.25 51.95 0.6371122342282483
75 209.013 210.2868303055385 0.12426215470978605 0.1250208883846452 0.05597242965908958 1.0 0.15 0.9855538386986189
76 138.9375 38.162687599063936 0.19556396994638992 0.05360111848276113 0.5 0.25 1.9 0.7187920929032782
77 127.031125 31.387542510360188 0.21864152292290992 0.0540226299287477 0.6462348620485163 0.16666666666666666 3.0 0.7378644909218601
78 216.5 2.8876645822917437 0.24798158931652328 0.003330660086403908 0.25 0.5 1.0 0.9967651502295426
79 203.149875 202.34934936310847 0.12374611624569655 0.12325933432956117 0.06358430153607181 1.0 0.175 0.9648277345553474
80 143.289125 66.92496852242219 0.14331846844440332 0.0670902057292183 0.7499884583165597 0.125 3.35 0.7806416086897819
81 212.417875 147.73573811062923 0.1263400176717768 0.08786136505258779 0.27819644452082276 0.5 25.675 0.9890802707937195
82 161.91525 63.96396608436289 0.1924649634551827 0.07627397673102115 0.5167995688078055 0.25 0.8 0.9041535339544383
83 187.389375 119.59058498456724 0.14875122199376484 0.09435106104999463 0.036394165498366576 1.0 0.4 0.9159149674600197
84 154.52075 64.91311626435098 0.16293133032011428 0.0681832083595541 0.39623918152056026 0.3333333333333333 101.05 0.7145851870823302
85 133.626375 35.96002185208578 0.1909554145934858 0.04789953015991993 0.19945812542455987 0.16666666666666666 2.125 0.7777276516017806
86 129.447875 53.191160218082715 0.15943423096576156 0.06585813148171893 0.39623918152056026 0.3333333333333333 1.725 0.7281039712855327
87 134.15625 65.44262139080315 0.14704778773739285 0.07194519132769528 0.5 0.25 2.05 0.8081383727017624
88 181.981875 119.86574858973889 0.1332604275612922 0.08737046498798623 0.015606213837293648 1.0 1.05 0.8899095498619982
89 208.79 199.69810387949977 0.1274684849886902 0.12188117648397886 0.05634616080017752 1.0 0.0 0.9804522535490964
90 158.369625 92.95401294776703 0.13490744212192782 0.07847385603241676 0.268802477522338 0.5 0.25 0.8694430672949063
91 211.018375 207.74078674664233 0.12547047850789675 0.1235196248545842 0.05421382954693232 1.0 0.45 0.9894293446967019
92 209.96025 202.27315911903278 0.1272506145989149 0.12256047060679026 0.03958750285206876 1.0 0.05 0.9843938921075213
93 170.010375 63.73923012641781 0.15235551566462027 0.05715933215013625 0.39623918152056026 0.3333333333333333 1.95 0.8824519863488783
94 173.8125 61.69606758890072 0.1665983244229867 0.059136964378497865 0.5804820237218405 0.2 2.25 0.7996283811205875
95 199.200375 138.97340442597053 0.1254495541572801 0.08751497208668997 0.28758750285206874 0.5 0.5 0.9398218172072014
96 211.767625 203.6741898122517 0.12742340229929944 0.1225368016537546 0.08055252237869234 1.0 0.0 0.9900418197037891
97 172.864625 50.07734771956592 0.17646889469888133 0.051124163140441305 0.39623918152056026 0.3333333333333333 1.5 0.907993346887238
98 214.99225 151.12987225624855 0.1257476248893049 0.08839249574023482 0.27619644452082276 0.5 0.5 0.9974253466957022
99 142.464 43.443457257142526 0.1758926718199037 0.053887216540539414 0.6305363062175394 0.14285714285714285 2.45 0.8324322476917383
100 207.4255 200.63809338291833 0.12587752516047274 0.12174581967389572 0.08748445326558149 1.0 0.0 0.9756617909627506
101 205.877 178.10773428197012 0.13346899878189136 0.11532341570715812 0.026003104211196205 1.0 0.45 0.9765842593957527
102 198.01125 37.68355134003796 0.19903574023533677 0.03766035848598951 0.4006502171403489 0.3333333333333333 1.85 0.9314008386256091
103 141.265625 42.30625671311353 0.19564220979747132 0.05859553700824708 0.5472877755344099 0.25 1.95 0.7524605914240452
104 131.000125 42.01470103467735 0.17493800821255842 0.0564128063740864 0.6462348620485163 0.16666666666666666 1.85 0.6935498265342949
105 135.859375 13.451612979049852 0.22413358592934998 0.022081340788508878 0.5 0.25 1.8 0.6873653266105461
106 207.0625 100.63203001905849 0.19033713018661155 0.09237007188599114 0.39623918152056026 0.3333333333333333 26.525 0.9626975980721779
107 146.58125 71.86632272411836 0.14330950056659697 0.07027990863697132 0.5804820237218405 0.2 2.5 0.7452788495249604
108 128.975 44.51602587297547 0.1840688630884907 0.06354711887212164 0.5804820237218405 0.2 2.35 0.7223669834785905
109 161.625 19.24132391093972 0.20737491746220338 0.024947918392901846 0.25 0.5 1.6 0.803151425803895
110 131.31875 17.255165833769148 0.2153652484411946 0.028636227662548943 0.5804820237218405 0.2 1.55 0.7230587485770877
111 160.46875 52.28728803857185 0.17056580542036096 0.055599801250062315 0.5 0.25 1.45 0.7651985975291803
112 129.875 80.70148889585626 0.12143445613617083 0.07550130273066653 0.5804820237218405 0.2 2.2 0.7148914009803269
113 169.50125 0.3678084699744793 0.2494076783822176 0.0005445452504514651 0.5885613373114316 0.2 2.45 0.9164098089197695
114 188.5915 143.3091212338092 0.13901994321298852 0.10530384637320364 0.026003104211196205 1.0 0.15 0.8986905016031044
115 206.5725 200.30404010257172 0.1268960577558197 0.12302991614603752 0.12314231151612724 1.0 0.025 0.9762742659698382
116 128.404 61.66190376026567 0.16915421023408136 0.08121103113695531 0.5718936678953477 0.25 2.5 0.7062179205511664
117 209.129625 209.53340133799756 0.12477651708610182 0.12502817334316982 0.0705222001738762 1.0 0.0 0.9857045149205739
118 147.80225 35.8590073627068 0.1783638496588883 0.04335881399938508 0.6462348620485163 0.16666666666666666 2.5 0.7521908076124744
119 142.760125 3.371616380377727 0.2416107961635059 0.005457175472428743 0.48166827942789836 0.3333333333333333 51.925 0.6686829491304193
120 201.389875 196.2248374984796 0.12592086561563157 0.12268540665586668 0.05977724989630799 1.0 0.0 0.9500336284882493
121 208.665875 209.05652506462633 0.12472582050636176 0.12495644336188122 0.04496977610989199 1.0 0.0 0.9834605244179888
122 141.39575 6.597764261912586 0.23497532923873896 0.0110398004793399 0.39623918152056026 0.3333333333333333 2.0 0.6627998016505869
123 156.030375 36.644332775404735 0.20146893796061624 0.0477953314961077 0.35402973781296765 0.25 2.15 0.8173371812968457
124 164.195625 39.89817893300253 0.18335474613753283 0.044574104981234916 0.7499884583165597 0.125 3.675 0.8230132901136467
125 213.8125 122.0077652997507 0.12574044354133332 0.07174512914864138 0.39623918152056026 0.3333333333333333 1.5 0.9916169727582123
126 140.968875 51.63598660157816 0.16361039073441072 0.059944963410422145 0.6462348620485164 0.16666666666666666 2.975 0.7585496484296497
127 130.707 53.70580694036899 0.15275356059061931 0.06269033860723032 0.6233668275462663 0.2 1.95 0.7159495219458133
128 151.384 64.34487304907128 0.1746934004884683 0.07425852997307444 0.7018300800400871 0.14285714285714285 102.425 0.7801745563344424
129 137.026125 55.57713587629891 0.16437152836357194 0.06655035460218431 0.6114797480755136 0.25 1.825 0.8336353991928535
130 155.948 44.6164527492911 0.19031581839303657 0.05450332400513747 0.6462348620485163 0.16666666666666666 1.75 0.7594443277582243
131 197.583875 179.7057594133136 0.1259956735740061 0.1145291351899615 0.05977724989630799 1.0 0.05 0.9332589330226708
132 135.6925 47.46551207684792 0.15675327565218078 0.05475220073667825 0.41781197134573766 0.25 1.725 0.6905404265281385
133 157.0 56.093981300823884 0.1740313509573994 0.06227707075172766 0.39623918152056026 0.3333333333333333 1.975 0.8176592031165609
134 131.667125 37.14427560984639 0.1827922433789708 0.05127957379447448 0.4610257969141856 0.2 2.275 0.7275347011884475
135 202.4375 65.66844946736545 0.18779223213350765 0.06090560789589153 0.39623918152056026 0.3333333333333333 1.85 0.9509192747187103
136 162.890625 70.39769011218071 0.18561752910036733 0.08004135297213995 0.5 0.25 26.0 0.8848789587268937
137 176.4375 59.470117470347965 0.17177118261508673 0.057955813751981625 0.39623918152056026 0.3333333333333333 1.95 0.8686371032719818
138 136.8855 39.41231665540332 0.1746474076740742 0.0504101357111507 0.6462348620485163 0.16666666666666666 2.375 0.7182998546230693
139 145.5625 0.14113308561587518 0.2496046553560509 0.00024364355057540242 0.39623918152056026 0.3333333333333333 2.0 0.6660726027608491
140 140.34375 36.145474049763294 0.20927270226799294 0.05391720216185253 0.5804820237218405 0.2 2.775 0.8384517847251912
141 205.12925 155.6623108128781 0.1370252707466307 0.10371452344817962 0.01980538618957671 1.0 0.2 0.9797800286891409
142 201.415625 146.80429483275083 0.13434640113918908 0.09762718440760869 0.026003104211196205 1.0 0.675 0.9753656920890516
143 148.084375 36.081494207615044 0.21528666798176008 0.05245032119194464 0.584521680516636 0.2 2.05 0.7543209440956434
144 114.9375 33.819806196639256 0.17243019084312977 0.0511501495323372 0.5804820237218405 0.2 1.575 0.6260813013931968
145 186.377125 84.84753186190719 0.14750558542628533 0.0664862392459029 0.04158750285206876 1.0 0.85 0.9502977666135036
146 151.260875 41.13930175476722 0.17789555955864006 0.047237296571947696 0.10959222474282254 1.0 1.15 0.8566024985430347
147 134.71875 46.54766276314531 0.16143357108321016 0.055919722515259916 0.5 0.25 101.425 0.6827755199797638
148 117.593625 44.48278067971175 0.15760608015095093 0.05985199605201413 0.6664941951333379 0.2 1.975 0.6713372374311547
149 158.047 68.88516925005902 0.17374122544207313 0.0757684500502079 0.6171628666213242 0.16666666666666666 2.35 0.8215876841439133
150 135.15625 52.82596864019554 0.14925803539088478 0.05838359697280907 0.5 0.25 101.625 0.7053908950363085
151 217.375 124.85387223874999 0.12532657509090359 0.07198133256489508 0.39623918152056026 0.3333333333333333 1.5 0.9984627982853826
152 172.561 60.9350015544951 0.16703122755849706 0.0589957680084024 0.6326908297945706 0.2 2.325 0.7992597669790684
153 171.489625 26.69954955183726 0.21134825681666944 0.03283408163551556 0.6462348620485163 0.16666666666666666 2.25 0.9103402921527061
154 206.666375 209.98267078854172 0.12354266278875556 0.12553645648716555 0.06914401625460628 1.0 0.0 0.9825737490502635
155 130.313 41.51831960596032 0.18577236275758008 0.05960751940418433 0.5926009941062271 0.16666666666666666 27.5 0.6981494032843503
156 158.21875 49.53282674539913 0.18145388393219547 0.05678586937116337 0.5 0.25 1.75 0.7420421335960926
157 141.21875 73.62095573333215 0.14074420096545004 0.07342660666822196 0.5804820237218405 0.2 2.8 0.7336512023934484
158 118.645875 38.55656099359616 0.19078564204608192 0.062132269770590866 0.6462348620485163 0.16666666666666666 2.625 0.6913813465951988
159 145.71875 49.5283500238002 0.16896558499689668 0.05753012070285706 0.5 0.25 2.375 0.7577335221713348
160 164.08325 54.58653740656705 0.18756476423319093 0.0623993076992939 0.5211729850310557 0.25 2.25 0.9055637241185659
161 152.16875 37.98639790235286 0.21831672458381154 0.0545024049192445 0.5804820237218405 0.2 2.5 0.7624969326744008
162 111.332625 46.28912095136432 0.1452553584582684 0.060493980264167246 0.5125982222604113 0.25 1.8 0.7300882930008346
163 155.855375 24.521700985991878 0.20336529533507114 0.031667108704592675 0.4050612527601375 0.3333333333333333 1.85 0.7911626763755932
164 178.13375 51.95085664503515 0.16635004232183406 0.04836995122569124 0.49141951381158433 0.3333333333333333 2.025 0.9199700679217339
165 137.6125 62.98040366808111 0.15087587707180958 0.06918816265738906 0.5804820237218405 0.2 1.875 0.7056933766174787
166 113.76025 17.49277837169332 0.1986905758486377 0.03082836196050272 0.6462348620485163 0.16666666666666666 2.5 0.6813104414168438
167 149.414625 44.79663472782222 0.17245884028326638 0.05145727098043405 0.5885613373114316 0.2 2.3 0.7294409091607078
168 170.177 48.09387799083375 0.16985224747241034 0.047931755592880404 0.4094635973933788 0.3333333333333333 1.85 0.8723637992065124
169 177.385375 28.71121343829311 0.2162103024738791 0.03512187535396943 0.39623918152056026 0.3333333333333333 2.55 0.913294458855052
170 196.78925 169.43440089281873 0.13212209866287997 0.11360197475407181 0.029199364964106383 1.0 0.425 0.9330887165621815
171 162.948 33.17407341758314 0.18508160434741022 0.037695774741976266 0.6462348620485163 0.16666666666666666 2.75 0.8033453069358583
172 147.11175 55.580890691154 0.19364485118888025 0.0735481710640104 0.45208695193265414 0.3333333333333333 1.625 0.7725915025242432
173 160.335875 55.689376555914336 0.19062735764245856 0.06689377422130932 0.7103806033386508 0.5 1.05 0.8915545677935798
174 154.302 9.231178959569155 0.22946346179286237 0.01378037592579173 0.6462348620485163 0.16666666666666666 2.0 0.7922824133523619
175 145.93775 28.373763262339473 0.21296373658435896 0.04139082549495044 0.7499884583165597 0.125 2.5 0.7861313482193608
176 199.45725 179.55053549296338 0.13136044633840466 0.11815902417416131 0.08186189701666322 1.0 0.0 0.9667106227611544
177 160.41475 44.73196397239391 0.17820341103903312 0.04981437200577182 0.6304229245586115 0.14285714285714285 2.275 0.8654007322481355
178 147.5385 55.152906799617654 0.15273806822388677 0.05713749194395815 0.7132135916482791 0.14285714285714285 27.975 0.8499776062310853
179 199.923 191.93125147793222 0.12724513151645422 0.1221203926966175 0.0730811677450699 1.0 0.0 0.9525876124167475
180 218.3125 0.8332079667317723 0.2493530901911502 0.0009582407226499223 0.25 0.5 1.0 0.9987457396280225
181 137.578125 48.16017548839982 0.1564736736501166 0.05478384003186886 0.5 0.25 2.25 0.7161208675435641
182 210.682625 203.69948878304723 0.12696701480288103 0.12274436846299883 0.05421382954693232 1.0 0.0 0.9875430690791015
183 125.0375 39.94205249736955 0.18159316185282995 0.057993697866417206 0.5804820237218405 0.2 2.5 0.7131817245306913
184 192.062375 97.0877791933564 0.14474373329659027 0.07256794395803988 0.031199364964106385 1.0 0.225 0.959238035558573
185 119.072875 55.13525938886639 0.15102387101150622 0.06992116041000837 0.6462348620485163 0.16666666666666666 3.0 0.721305475101316
186 206.860875 187.9004582216432 0.12936793981695507 0.1174327187369262 0.03858750285206876 1.0 0.4 0.9772639961004466
187 132.557875 39.77692023569108 0.16960035336900392 0.051041013333567864 0.7018300800400871 0.14285714285714285 2.55 0.7726583721057282
188 205.280375 202.73346152596432 0.12445766545780453 0.12291035230173421 0.05696871704909579 1.0 0.2 0.9686089267725506
189 216.125 2.435539949050749 0.245988718345776 0.002791324775930544 0.25 0.5 1.0 0.9962654001046051
190 209.174625 201.77942863791586 0.12645997770094794 0.12196220757278341 0.06596174528715354 1.0 0.025 0.9792077632963858
191 202.350875 193.66245095866614 0.12457857551171078 0.11919154631261739 0.04340193030018289 1.0 0.3 0.962460119914081
192 169.4375 57.70532400998699 0.15983096679847547 0.05450501294429219 0.5 0.25 1.85 0.8377998843360156
193 207.670625 204.20543457241303 0.12598133860556257 0.12386970027620665 0.0730811677450699 1.0 0.0 0.9787546054932563
194 138.798375 58.61611977944309 0.14963896215621397 0.0626015791988099 0.19870177097972264 0.3333333333333333 1.45 0.7838494063769756
195 186.40225 161.3538296896109 0.1294932743776616 0.11196367793547866 0.05734616080017752 1.0 0.1 0.9014147019920927
196 169.802125 89.45450504377021 0.159868533051343 0.08438266877501435 0.39623918152056026 0.3333333333333333 0.8 0.8206836268121708
197 178.572875 62.88508013793783 0.1553193248741055 0.05470289019998029 0.39623918152056026 0.3333333333333333 2.0 0.9224210970873475
198 196.739125 37.864041957395514 0.1874973079889549 0.03608624571812595 0.5956406509010228 0.2 2.5 0.9606809234922998
199 197.916625 182.56899398205232 0.1290690032895136 0.11898280489874818 0.025003104211196205 1.0 0.15 0.9417351449080746
200 162.947875 69.31959301478912 0.14467176125134484 0.061641537324816524 0.39623918152056026 0.3333333333333333 1.925 0.882862676263146
201 211.0625 71.43801416407649 0.18655386287753478 0.06314966162448571 0.39623918152056026 0.3333333333333333 2.0 0.9765583364497439
202 166.35 56.30759379975045 0.17810859125856296 0.06027565537933313 0.5804820237218405 0.2 2.65 0.8007935812818953
203 209.64125 210.22346938032481 0.12412013198412547 0.1244698296789158 0.047592332358810246 1.0 0.0 0.9871474028543115
204 131.201375 27.00078371137085 0.18953520185441988 0.03881760017675181 0.5575587155121291 0.25 2.5 0.7588344559306973
205 139.805375 46.7639034714029 0.17225084930790605 0.05779358240848934 0.6047053915656136 0.2 1.675 0.7064621735328549
206 210.03475 211.28204962271312 0.12415173374967517 0.12489068673538617 0.03758750285206876 1.0 0.0 0.9941904969252443
207 143.910375 17.153361241608554 0.22556791270742738 0.027060441886110453 0.5845144669212022 0.2 2.225 0.7617706036479
208 158.625 42.12712013674413 0.18485882861592404 0.049021084006808914 0.5 0.25 26.6 0.7500381355950932
209 210.0965 208.28723220826632 0.12543050493211882 0.12434836072151244 0.05434616080017752 1.0 0.0 0.9898531921420292
210 210.612875 201.012830792632 0.12717035357928086 0.12134780669489521 0.07114475642279447 1.0 0.25 0.9889284654344993
211 192.9375 38.267889908320036 0.2156524958601444 0.04259433559543119 0.5 0.25 1.925 0.9377153453955114
212 144.375 0.9012707467598338 0.24841210020261553 0.0015615496959572987 0.39623918152056026 0.3333333333333333 2.0 0.6670341516709194
213 145.8125 82.4588279296235 0.1336194298786112 0.07524564666120438 0.0 1.0 25.5 0.7428886993494841
214 190.055 100.30514518192008 0.155679518773043 0.08189687042563021 0.27350237557684154 0.5 0.85 0.9035373266305247
215 141.35075 45.36121957196511 0.16420794759483487 0.052862241543347545 0.7924668135897447 0.1111111111111111 3.45 0.7853452693399874
216 127.875 51.47796012422052 0.15550690951372964 0.060656873501066313 0.25 0.5 0.7 0.7445630276388708
217 170.490375 105.27577882760595 0.14579986045320278 0.08936110782045381 0.03721005910098703 1.0 0.825 0.8735075929708824
218 107.712 62.34014370137656 0.12913349229910126 0.07485707578472688 0.33365058988885443 0.3333333333333333 1.75 0.6050699976327646
219 207.5795 204.4350888837686 0.12543356782680384 0.12353017196913545 0.07843974113410103 1.0 0.175 0.9783491691491989
220 143.208375 2.0118172856595384 0.2461059567870128 0.0034816265857014984 0.39623918152056026 0.3333333333333333 2.0 0.8653883117382117
221 181.78125 42.91988375851441 0.19409243619622354 0.043701838930803094 0.01040559008056961 1.0 26.1 0.8943118580682909
222 204.1875 8.084800052816298 0.2411491115724035 0.009621198417062642 0.25 0.5 1.05 0.9531166728994878
223 179.6305 60.54698012818925 0.1587057609109616 0.05348896946067866 0.41628132313968236 0.3333333333333333 1.875 0.932386789228296
224 150.26875 69.99960333043634 0.14338308670933403 0.0667872791192221 0.5804820237218405 0.2 2.5 0.7546429659153526
225 162.512375 93.89978857192932 0.1249515191987679 0.07219746102831225 0.5084026930947884 0.25 2.0 0.7487763633783768
226 150.96875 71.11715415494048 0.1463051042543251 0.06891742723145451 0.5804820237218405 0.2 2.5 0.7602149908320107
227 129.265625 35.40883572733871 0.1701566504086926 0.04651046750403742 0.5 0.25 1.675 0.6903029483700389
228 200.625 9.813581794162422 0.240195823195262 0.011841755197818882 0.25 0.5 0.9 0.9437623266283625
229 144.54175 0.1422934162290767 0.24970992451418883 0.0002475396098313219 0.39623918152056026 0.3333333333333333 2.0 0.6654785388550316
230 163.066625 32.32850529543451 0.1892018744777211 0.037342181596340326 0.2735023755768416 0.5 26.15 0.8245395925717237
231 128.175 37.68706459345213 0.18783211511527445 0.05517649635268054 0.5804820237218405 0.2 2.75 0.7160306781956254
232 161.875 40.069701023495526 0.18648487859981264 0.04606944329528771 0.5 0.25 1.35 0.7688107024231573
233 146.21875 61.81676964966661 0.17438756640131825 0.07385897476812553 0.5 0.25 1.75 0.8121615596261181
234 128.3 77.57934482618549 0.12391782678053025 0.0749685535517325 0.5804820237218405 0.2 1.875 0.6850604571178248
235 138.133875 43.020262555124326 0.17371422950241333 0.054292040475793155 0.7018300800400871 0.14285714285714285 2.375 0.7213178956112307
236 151.058 43.09839608388825 0.18071877897404717 0.05152368847147737 0.5084026930947882 0.25 1.7 0.8371761179562663
237 184.859375 137.85348143458128 0.10909169296376649 0.08135469668759018 0.5 0.25 1.75 0.9328531045624902
238 189.583625 160.03025420621893 0.13227368881631896 0.11146441936482432 0.030199364964106384 1.0 0.15 0.9203943074831872
239 218.8125 0.15088834764831846 0.24978452967551198 0.00017341336050063344 0.25 0.5 1.0 0.9995002498750625
240 218.8125 0.0625 0.24992812113235005 7.18788676499778e-05 0.25 0.5 1.0 0.9995002498750625
241 156.365625 98.46408463014978 0.15321702726090367 0.09595707849163594 0.28412656354737875 1.0 26.125 0.8335426066653538
242 131.6875 44.409134055013915 0.15786350818832126 0.053225861767549315 0.5 0.25 2.25 0.6889370922531755
243 180.8075 48.91621389366973 0.17114334405541481 0.04637041485393047 0.40946794288665245 0.3333333333333333 1.875 0.9357941137337882
244 194.382375 139.65208387646248 0.14271031838956788 0.10214411525458886 0.05078126227861889 1.0 0.125 0.9429198853079168
245 152.41875 75.34472722096208 0.14917645941994243 0.07377482394256397 0.5804820237218405 0.2 2.3 0.775922924350107
246 214.615 151.3657175916851 0.1252178730081815 0.0883156733527901 0.2688053861895767 0.5 25.65 0.9971142241325246
247 172.375 42.592926752620535 0.214508598469255 0.05351086141171331 0.5 0.25 1.125 0.9093539494339055
248 144.052125 52.362287793301014 0.1637236653286855 0.05965378717511249 0.39623918152056026 0.3333333333333333 1.775 0.7851979805298266
249 147.281375 63.515666557343096 0.14651686121026922 0.06326687964908094 0.6462348620485164 0.16666666666666666 2.425 0.7666519926033256
250 160.367625 70.45789040408258 0.1472226506964767 0.06430912511545134 0.02080538618957671 1.0 1.025 0.8325280827260049
251 157.797625 52.23690715551905 0.16028898983878156 0.05305714144272487 0.6955223282325008 0.2 52.3 0.7524414433016308
252 212.33225 152.2470797791092 0.12431955101558895 0.0891436964528788 0.274819000769741 0.5 0.5 0.9894954772570443
253 139.739625 38.84826704295216 0.17603561628625022 0.048850893700765494 0.6462348620485164 0.16666666666666666 2.3 0.7653748045810208
254 162.90425 54.56891069723001 0.18722590191041405 0.06270646213012859 0.5147937514260343 0.25 1.75 0.7495590548459542
255 152.364625 16.36625065345459 0.21612274189947114 0.022646132674483985 0.39623918152056026 0.3333333333333333 1.875 0.7611419758140662
256 130.91675 9.629859074496842 0.23247396894508235 0.017236287949438805 0.39623918152056026 0.3333333333333333 1.875 0.6375173256672746
257 200.703875 171.52267543487596 0.13460872953380962 0.11487471142249397 0.026003104211196205 1.0 0.1 0.9494666166657053
258 212.42 199.5511329344037 0.1285830175560527 0.12073107705907017 0.04496977610989198 1.0 0.0 0.9911454038538117
259 199.0375 123.88650974886204 0.13367689878794323 0.08311122825464451 0.2641054881350732 0.5 0.7 0.94341325272538
260 142.865875 68.04736723920661 0.14798969294761763 0.07049496526158994 0.5885613373114317 0.2 1.775 0.7312576648061723
261 210.8745 198.87845995847312 0.12721815187732055 0.11993944888827227 0.05140381852753716 1.0 0.0 0.988033049084772
262 170.65625 102.10423180580113 0.1254005528270496 0.07470826535042127 0.39623918152056026 0.3333333333333333 51.475 0.8919742908059644
263 158.125 25.68477397630271 0.20358127617646124 0.03282494483032842 0.5 0.25 1.775 0.7558171991747816
264 205.151 204.45034670795698 0.12464214564536004 0.12421651947601282 0.04277937405126462 1.0 0.175 0.9725126139911707
265 155.739625 29.440788946909354 0.1988509123408795 0.037693307725065454 0.39623918152056026 0.3333333333333333 1.675 0.816769040337031
266 162.21875 93.16088047995413 0.1253404286874529 0.07197930786550102 0.5 0.25 2.0 0.7495211035061495
267 137.20625 53.69306422744594 0.1505377021417002 0.05884267372384069 0.5804820237218405 0.2 2.1 0.7119744485966395
268 143.984375 36.01501371368782 0.18973431463578977 0.04776520212026889 0.5 0.25 1.775 0.820701645797335
269 130.52075 42.12619774426209 0.17722645175129326 0.0575489410226543 0.6462348620485163 0.16666666666666666 2.1 0.7773522626366681
270 163.875 71.74331349748194 0.18385904050301974 0.08068612636964173 0.5804820237218405 0.2 2.3 0.899408534552627
271 137.4375 46.463884723157236 0.15938968657303723 0.053887850299731505 0.7018300800400872 0.14285714285714285 27.475 0.7389673380507374
272 204.5 85.47417725039496 0.15851979827558765 0.06590646362652873 0.25 0.5 0.55 0.9622064889292432
273 134.848 41.76740259123288 0.19202838708107595 0.059230947495160946 0.31323990550909264 0.5 0.5 0.6736488817474575
274 214.625 7.217241003760878 0.24511223699980153 0.008300273774517133 0.25 0.5 1.2 0.9931812265561031
275 206.46675 195.64857674924784 0.1277739042707071 0.12105229663500486 0.11876486776504551 1.0 0.0 0.9750579569376657
276 136.83125 29.814199618334627 0.1838499450902778 0.04016273138959848 0.5804820237218405 0.2 2.3 0.7132937123916951
277 205.1825 133.07962415811076 0.13095727210039795 0.08488065091750935 0.2688053861895767 0.5 0.7 0.9623192138113935
278 201.041 126.11810374476703 0.1354106865309534 0.08457990913919346 0.02080538618957671 1.0 0.75 0.9746773144023542
279 177.260375 65.37680233150951 0.15283101681406538 0.05639316986244428 0.39623918152056026 0.3333333333333333 1.95 0.9098623405408317
280 159.88225 20.228602811550328 0.22510509400200135 0.028543890164845855 0.6618702611832493 0.16666666666666666 1.9 0.8329496718967915
281 178.617125 102.39092835685686 0.14485516459134584 0.08282263856841887 0.2688053861895767 0.5 0.7 0.8827428316523829
282 181.25 46.23548205826501 0.1855400046543579 0.04685137053774025 0.25 0.5 0.225 0.9323781482462836
283 138.96875 43.062945395976556 0.1644366311013232 0.05103545266933664 0.5 0.25 2.125 0.7148418133628498
284 155.610375 53.89909385649403 0.15621521354765167 0.054187622903325856 0.6911393662600723 0.14285714285714285 2.5 0.8166270050970806
285 151.829125 21.74427573199367 0.21168870619570793 0.030321038215502902 0.6725928640527838 0.16666666666666666 2.6 0.860201445905938
286 212.75 58.48327084517416 0.1942262897425623 0.05369268395479108 0.25 0.5 0.675 0.9879019131013519
287 190.850875 137.21847184784428 0.1423701362139421 0.10195994991338923 0.03958750285206876 1.0 0.3 0.9284087205834582
288 171.604125 50.48870552762015 0.17656908579136987 0.05173648521436644 0.6462348620485164 0.16666666666666666 2.425 0.8597670913201974
289 214.723125 151.31567342304737 0.12511991724342908 0.08816791291876117 0.268802477522338 0.5 0.5 0.9971424053530624
290 192.346375 91.08082168713983 0.15524843606593347 0.0731196700547761 0.2641054881350732 0.5 0.55 0.9336512118356689
291 202.697625 139.67914108989964 0.12653356220036688 0.08717450649799317 0.27350237557684154 0.5 0.5 0.9648450165193542
292 211.8315 210.6312966245963 0.12498817877530326 0.12427845891878053 0.04696977610989198 1.0 0.0 0.9921167228831493
293 188.551375 92.50479360102598 0.1428293102806921 0.07008846052030705 0.504195575705674 0.25 2.275 0.9484483131984361
294 199.75 12.949256502010138 0.22813619923440678 0.014901066677504798 0.25 0.5 1.2 0.9508227026633018
295 170.21875 58.9087198403822 0.15630784659958577 0.05409407641803095 0.39623918152056026 0.3333333333333333 1.8 0.8868261133346339
296 130.54 41.477310744384866 0.16424066293653197 0.05223565385326807 0.584521680516636 0.2 2.475 0.7003250029520581
297 160.1815 89.03254707743172 0.14178217374099114 0.07835425181842975 0.37765336952755435 0.2 1.575 0.8186782436049627
298 202.5625 33.97727678419606 0.21486565897792145 0.03572398216002398 0.39623918152056026 0.3333333333333333 1.575 0.9555958832856408
299 218.375 0.7254653799809861 0.24856739940920572 0.0008314417055692478 0.25 0.5 1.0 0.9988400534089026
300 209.800125 209.81683786922514 0.12429937198494252 0.12430930169028241 0.052346160800177524 1.0 0.675 0.9863365301661965
301 212.0625 2.137696936942397 0.24584027716076473 0.002496063655287723 0.25 0.5 1.225 0.9847993284515795
302 151.721 19.347727348789906 0.21919125552795468 0.025524092514736176 0.3355833967023796 0.3333333333333333 1.4 0.8853764505773133
303 203.740625 193.6454142864855 0.1277842065415711 0.12141153287197448 0.046214888607728516 1.0 0.025 0.9639127779670854
304 130.53325 44.24862142043032 0.1574557549573371 0.05371212775953569 0.7465753695452608 0.14285714285714285 2.125 0.7286773658155498
305 136.64575 18.981925456604067 0.21897358906845432 0.0306273518995012 0.39623918152056026 0.3333333333333333 1.85 0.6401419587051728
306 154.890625 70.65141013412988 0.15676075890047877 0.07191952409063228 0.7499884583165596 0.125 3.575 0.846485001042853
307 180.302 60.43109929777719 0.15822013251651854 0.053017522541898995 0.6462348620485163 0.16666666666666666 2.3 0.9289460299320728
308 186.110875 89.18250383810484 0.14892787197902974 0.07062394038059792 0.025003104211196205 1.0 1.575 0.9320542602681833
309 133.541625 48.36733902495437 0.1641368489869738 0.05949304369601448 0.6462348620485164 0.16666666666666666 2.25 0.7250295678562961
310 154.446625 30.428431113811573 0.2088154826474212 0.04113562880839593 0.7018200610023967 0.14285714285714285 102.925 0.8022469763560414
311 169.302125 41.53119433436106 0.18055789668625297 0.04417658687659879 0.39623918152056026 0.3333333333333333 1.875 0.9105939231375442
312 151.15625 51.76296684236096 0.1866636486176442 0.06394641075696124 0.5 0.25 1.85 0.7233432111731094
313 170.586125 52.82323867300706 0.17335577595542773 0.05374375862577738 0.2793351692240814 0.16666666666666666 2.6 0.8514178909852735
314 143.375 2.463994654764286 0.24625286336313706 0.004261703121251401 0.39623918152056026 0.3333333333333333 1.9 0.6648367534901419
315 205.92075 132.00941108033277 0.13209177480960027 0.08461176642054177 0.26880538618957667 0.5 0.5 0.9595668322018676
316 132.68525 48.50005437888556 0.1753031754163221 0.06319976274910392 0.22769682096654575 1.0 0.7 0.7503909418148884
317 148.44375 31.79881226438745 0.21128722831505325 0.04521698374290336 0.5804820237218405 0.2 1.9 0.7477028266073026
318 163.442 20.458463089238307 0.2281955445090736 0.028509728159924363 0.7018300800400871 0.14285714285714285 2.4 0.7927021363647451
319 125.874875 36.27014625142005 0.18948004824873552 0.05472639329704317 0.7499884583165597 0.125 3.725 0.7500557624641239
320 163.990625 55.19409908077082 0.17536439322162778 0.05927722362090155 0.5891949123617599 0.125 2.9 0.8452288745124673
321 198.125 128.47291674659692 0.12864304988561548 0.08335347546281428 0.25 0.5 0.5 0.9421210410135977
322 215.4375 75.1638661454652 0.18517373211219476 0.06462571120887659 0.39623918152056026 0.3333333333333333 2.0 0.9959163262016227
323 141.7145 66.93754886533245 0.1518006349610355 0.07212157056561884 0.5207137925041692 0.25 0.85 0.7185493611749608
324 154.1965 31.831498325247736 0.2053213554035816 0.042394846668748216 0.7018300800400872 0.14285714285714285 3.0 0.8008420397621088
325 186.25 18.700576675510014 0.21863330402815526 0.02213490783291611 0.25 0.5 0.9 0.8918912683977422
326 152.285625 31.565005934302427 0.19868758903347006 0.04119887742072774 0.7018300800400872 0.14285714285714285 2.9 0.8647055797378405
327 193.6875 22.809813766612766 0.2243848646215514 0.026633685132261515 0.25 0.5 0.975 0.9478501248596858
328 138.04175 46.54799255271515 0.1606578782085913 0.05417439102452257 0.6462348620485163 0.16666666666666666 2.25 0.7401359256238358
329 159.0 34.22427683499879 0.1906998601731593 0.040035226421601705 0.25 0.5 2.25 0.8145013851629775
330 171.425 60.196557496946674 0.16602450448233083 0.058297464993735136 0.5804820237218405 0.2 2.25 0.7944606634107225
331 120.40425 59.061508584484805 0.14085947362024662 0.06910767559539387 0.6406043144942822 0.16666666666666666 2.5 0.717111334695319
332 146.47925 78.81903027966972 0.13971719211631214 0.0750150150433606 0.39623918152056026 0.3333333333333333 1.7 0.7093577195195973
333 207.1875 45.93676986174846 0.19391868277748464 0.0430666615719514 0.5804820237218405 0.2 1.95 0.9834669071254637
334 136.744625 36.46162796741312 0.19077341400565648 0.051388346938053005 0.5404560712390734 0.2 2.45 0.7672644676104221
335 195.427625 194.80879326892506 0.12192035398427535 0.12153613951056198 0.061716632789317015 1.0 0.25 0.940065678072772
336 148.271375 27.265706578956845 0.20867009113224685 0.03775067793994654 0.21287413356614096 0.14285714285714285 2.6 0.82317786088782
337 155.625 83.7550651703522 0.12950852180930691 0.06966006870470731 0.5 0.25 2.1 0.7351963080689223
338 156.8875 59.035017049902336 0.1539757312962935 0.05798981846876194 0.5804820237218405 0.2 2.05 0.7614174053119775
339 206.900875 184.7844248536597 0.1298730926497364 0.11589280404853541 0.06976731267171274 1.0 0.0 0.9814972169835151
340 172.030625 56.78549302269718 0.1634260369114145 0.05397894573547784 0.5027484941124213 0.3333333333333333 1.75 0.914159435709714
341 164.68075 40.39195639503974 0.18326830489086351 0.044865576030115435 0.40946794288665245 0.3333333333333333 1.55 0.8696643926262689
342 150.59975 52.1872212119035 0.18233017231267776 0.06308989316778604 0.5862035258774507 0.16666666666666666 2.25 0.8509891348747626
343 159.4375 50.392513739204006 0.1704191718862727 0.05388721771552229 0.5 0.25 1.825 0.754261586358894
344 135.015625 49.73393437461872 0.15283940871345597 0.05632409629293177 0.5 0.25 2.4 0.6994232038948602
345 134.984375 44.753960187212215 0.15882380988022188 0.052640948024438854 0.5 0.25 2.0 0.7012899392739255
346 204.21625 138.344232830199 0.1306322736449536 0.08846116823054538 0.2631054881350732 0.5 0.5 0.9593782046401076
347 212.74375 162.48326805324567 0.12582794955470855 0.0964502452594194 0.009405590080569608 1.0 0.0 0.9965765226677822
348 148.673375 63.53079026995069 0.15122230043922721 0.0647048758713142 0.6501480574043268 0.16666666666666666 2.7 0.7646443511215725
349 210.806125 204.80425289726995 0.1250751411169463 0.121487004287269 0.04496977610989199 1.0 0.1 0.9880525893233068
350 148.687375 30.12307172633482 0.1984780588226146 0.04027269961871412 0.6462348620485163 0.16666666666666666 2.85 0.7728755730041404
351 205.367375 199.67345623827663 0.12475421829876444 0.1212627269777767 0.031639277996203106 1.0 0.0 0.9697125109225729
352 207.1905 200.33943207710033 0.12650247826942812 0.12228974669911928 0.05140381852753716 1.0 0.0 0.9819503747866443
353 131.301 31.91650974851856 0.18128441497781625 0.04394699076137258 0.4824314542437539 0.25 1.875 0.6873176051514759
354 156.645875 57.80210013363371 0.18368559291735637 0.06778384364309673 0.6462348620485163 0.16666666666666666 2.575 0.7832891693780152
355 209.08575 209.60197614086093 0.12421511734572802 0.12452394629289053 0.052346160800177524 1.0 0.15 0.9861479026044365
356 205.839375 204.67892124846617 0.1247812239146798 0.124077975022658 0.04659233235881025 1.0 0.025 0.9736725605822684
357 128.3 39.24998951806112 0.18357354725412406 0.05617571256887998 0.5804820237218405 0.2 2.2 0.7260906841174537
358 144.70625 36.06683264569359 0.18452898115159974 0.046122907387046365 0.5804820237218405 0.2 2.5 0.7505104415206392
359 128.140625 40.35825524079907 0.16580072483640662 0.052208772433431756 0.5 0.25 1.55 0.6780271331661629
360 211.095 194.7258448973113 0.129439126069983 0.11933244909985376 0.07843974113410103 1.0 0.0 0.9850161372338767
361 137.625 56.32205914346986 0.15358180354475287 0.06222915825770167 0.0 1.0 0.55 0.7497104680890628
362 172.46875 32.76032826789129 0.20213042989330007 0.03834566984280583 0.5 0.25 2.375 0.8760431657980999
363 168.11875 25.52376701583343 0.19875837519597353 0.030410692533247 0.5804820237218405 0.2 2.35 0.8409588314268571
364 192.751875 119.96486224908985 0.1389429201610045 0.086807364959799 0.4087581869138899 1.0 0.15 0.9440753153499472
365 182.39475 72.94534501358807 0.1502838972450855 0.06021921035061089 0.6579657569716933 0.16666666666666666 1.575 0.9344357694616554
366 134.934 40.47816268039128 0.17854810746416233 0.053797332031844565 0.6581686913707534 0.16666666666666666 2.0 0.7437762117383548
367 134.19975 74.28283249382311 0.1355457351940986 0.07489033546626084 0.514464517574077 0.3333333333333333 1.5 0.6601090360523453
368 124.75 53.66428511610966 0.1727850802974263 0.07445534142794474 0.5804820237218405 0.2 76.475 0.6889802971631867
369 144.35625 44.456729651072536 0.17831918916842857 0.055020417544686014 0.5804820237218405 0.2 2.95 0.7581464703601254
370 155.171875 31.880446499463982 0.20432641733362508 0.041762252663241156 0.5 0.25 1.825 0.8208297864850738
371 117.3125 46.074792829104254 0.17191927447903554 0.06748084726852409 0.5 0.25 1.5 0.6583057828429714
372 191.306125 107.33217950512093 0.13758350885858767 0.07700973060342776 0.2781993649641064 0.5 26.15 0.9410704318928576
373 176.625 43.883435944415574 0.2175086279863524 0.05404303749420086 0.5 0.25 1.75 0.893920316276436
374 211.75 4.361633851845218 0.24504630263003957 0.00508381853473154 0.25 0.5 0.9 0.979217533415654
375 197.2285 172.08927444825633 0.12533771560186793 0.10923949207546377 0.03439416549836658 1.0 0.375 0.9309769911802807
376 153.184375 43.11257556743231 0.1717225872959441 0.04844485200953487 0.6515011217996419 0.16666666666666666 2.1 0.77186443647659
377 145.23125 35.402534407173206 0.2150025340785569 0.05240693871356845 0.5804820237218405 0.2 2.4 0.7369814950820498
378 167.53125 51.7587271460309 0.17525246954460022 0.05419688529412511 0.39623918152056026 0.3333333333333333 1.775 0.9153257650082847
379 151.270875 28.488957965322832 0.18890322056698067 0.03557234192250714 0.6462348620485163 0.16666666666666666 2.475 0.7577553206843938
380 204.25 19.188920324960296 0.2251589032539208 0.021303858156207608 0.25 0.5 1.1 0.9572555800016759
381 135.953125 49.54114150469437 0.15338357340706665 0.05591248326925586 0.5 0.25 2.4 0.7009506354902103
382 159.73175 57.043337440696924 0.17781080757102238 0.06359993204591499 0.5625155815949228 0.25 1.6 0.7704508589006536
383 144.375 0.24628006675750316 0.249275883305743 0.00042817065700446235 0.39623918152056026 0.3333333333333333 2.0 0.6661007839813867
384 197.966 187.5139273340113 0.127365052900915 0.12059621524946419 0.07843974113410103 1.0 0.2 0.9455249781072795
385 158.8125 58.876548031649826 0.18256138750112297 0.0677322171988296 0.5 0.25 2.0 0.7434286590887549
386 145.271 19.937974548426823 0.22095184038628984 0.03030530274907638 0.7245185791699817 0.14285714285714285 2.4 0.7747314091266759
387 137.9375 70.93661676780452 0.15599205006432829 0.08008165372805538 0.5 0.25 1.55 0.7286134915297375
388 172.697875 48.62088832715563 0.1682638354431063 0.04728306787165033 0.39623918152056026 0.3333333333333333 2.0 0.884998458432638
389 125.53125 66.09678629178498 0.1329206591103263 0.07018604052393532 0.6462348620485163 0.16666666666666666 1.4 0.656909879347162
390 192.254 125.15356157979124 0.1315231194605633 0.08555775891942051 0.291969776109892 0.5 0.55 0.9268065154457621
391 209.998125 209.76236303393992 0.12467860246682014 0.12453761410217318 0.05359127329801405 1.0 0.0 0.9896082021391942
392 150.46875 36.048761682055 0.19049743974377611 0.04558625139802097 0.39623918152056026 0.3333333333333333 1.9 0.8074612863877141
393 193.4375 68.19423812852288 0.17793461634254465 0.06276063335016036 0.39623918152056026 0.3333333333333333 2.6 0.9364513149042667
394 188.421 125.68011175798047 0.13957140541580407 0.09266105046878091 0.05215870602970062 1.0 0.3 0.9248811593510934
395 207.413 208.53903787106876 0.12462148146123561 0.12530289538729053 0.05434616080017752 1.0 0.15 0.9829791853943212
396 140.94375 38.48850026670666 0.1995076563883268 0.054534171714051595 0.5804820237218405 0.2 27.0 0.7274103400286274
397 123.907375 58.20690139045566 0.14962999028948445 0.0702562452225636 0.542806333287808 0.5 0.825 0.6420766928029936
398 134.625 47.23838235180026 0.15549573746444528 0.05456664546183369 0.5 0.25 2.5 0.7014969779369555
399 161.3645 77.55224958096088 0.14163808104012673 0.06806799401244452 0.6462348620485163 0.16666666666666666 3.0 0.7978957770206178
400 150.587125 63.2130705139003 0.1452771429518653 0.061005056388879986 0.6006730212333182 0.2 2.225 0.7610258635201255
401 150.703125 41.88340454842383 0.18940075194012573 0.05255578977809245 0.5 0.25 1.95 0.8510823195183751
402 201.49325 194.33000881517145 0.12676841519094167 0.12223866101493223 0.0690811677450699 1.0 0.0 0.9557379185255925
403 136.046875 49.76382332856867 0.15314220636593545 0.05603799517012763 0.5 0.25 2.275 0.702072630741503
404 165.971125 71.56500611786372 0.14308338515740154 0.06179347791518771 0.4822432097802808 0.3333333333333333 2.075 0.8901984817959863
405 147.975 34.06595563991297 0.21426216796062666 0.049227253577035626 0.5804820237218405 0.2 2.175 0.828473327169303
406 107.078125 23.566483460932197 0.20276991854113902 0.04488657596301499 0.5 0.25 2.5 0.6245948164333306
407 207.748 209.29309802582594 0.12415188257336914 0.12507829616476976 0.05434616080017752 1.0 0.05 0.9835450680796012
408 216.75 125.2132027748373 0.12496371387878849 0.07218994575858127 0.39623918152056026 0.3333333333333333 1.5 0.9986514258471425
409 199.4375 35.85857985418672 0.19984057383697235 0.036168971327173075 0.6462348620485163 0.16666666666666666 1.825 0.9710174880493032
410 155.28125 53.98949673124071 0.17229293519809982 0.05993687366344849 0.5 0.25 1.775 0.7325848325620844
411 207.594875 207.4832244048048 0.12493606046024959 0.12486837483115111 0.0730811677450699 1.0 0.45 0.9831016803957386
412 173.26875 66.56390591492973 0.16415671785793923 0.06293849901783809 0.45983963480318063 0.3333333333333333 0.925 0.8265855775094122
413 205.43825 206.57880471857527 0.12460425037555106 0.12530087044786983 0.05434616080017752 1.0 0.0 0.977076497675951
414 156.052125 54.34372057360781 0.1850545523348357 0.06380942127023422 0.39623918152056026 0.3333333333333333 1.225 0.8752882634349451
415 203.0625 11.395169960425577 0.2319479875531889 0.013112720199557166 0.25 0.5 1.0 0.9675508058070725
416 171.46875 26.83944654619473 0.22229080332504586 0.03479026250512922 0.5 0.25 1.875 0.8241104915562052
417 138.5 61.4919972097618 0.1460533620307027 0.06407104633201956 0.0 1.0 0.4 0.7422067043702609
418 161.9375 55.77167435527718 0.18237940603640282 0.06282642298960756 0.5 0.25 2.1 0.7516610101085874
419 209.24575 208.5922099719804 0.12512324213794973 0.12473290071624558 0.07308116774506991 1.0 0.0 0.9855440685793514
420 138.597625 29.76100636798767 0.20361111190714948 0.03962722935708579 0.02080538618957671 1.0 0.8 0.714563388569267
421 196.105625 151.31866420482024 0.11707334042450036 0.09028498867499084 0.2388743538313008 1.0 0.025 0.9048543321510518
422 212.328625 151.6233523237836 0.12470635455567546 0.08905506409753625 0.27951599015700584 0.5 0.5 0.9908342812906343
423 127.070875 53.17141057803756 0.14732734136457126 0.06184023216893006 0.5969513294381615 1.0 1.175 0.77688933471426
424 176.5 65.27337283388091 0.1674477538089709 0.06200990446144681 0.39623918152056026 0.3333333333333333 1.9 0.8766883385747932
425 189.458125 90.19854433473147 0.14555081948753124 0.06928925452690352 0.5116040396421824 0.25 2.25 0.947440171966558
426 151.302125 27.485034213300846 0.19757892720425269 0.03560650290650811 0.39623918152056026 0.3333333333333333 1.925 0.8110061295840845
427 133.959625 50.42325816143464 0.18252452096969257 0.06871477870343444 0.7018300800400871 0.14285714285714285 3.25 0.7538501122123888
428 114.59375 11.229180862147558 0.22660301760408572 0.022049410524482106 0.5 0.25 1.9 0.6850341420557086
429 182.00625 69.2803942299705 0.18279316639038973 0.06959785320164065 0.5804820237218405 0.2 2.25 0.913185121384701
430 147.0105 26.812332038783705 0.1954715593691167 0.03587559163593359 0.7351791429783036 0.2 2.7 0.7881389897011112
431 186.358 136.56878044937167 0.13338974018452024 0.09744831970899304 0.14393764298160172 1.0 0.9 0.9000465876007008
432 174.60625 96.16406922072224 0.14733520251258053 0.08115358366356798 0.2547027950402848 0.5 0.95 0.8949404859021213
433 134.640625 61.33390652307118 0.14435381631071012 0.06588620227257741 0.5 0.25 1.8 0.6794549974104228
434 152.65425 104.32348081517596 0.12148292641612476 0.08330109662264663 0.579616606894934 0.5 1.7 0.8487658137479762
435 210.235375 147.3117848096701 0.12522481702608365 0.08774369509212998 0.2678621513852604 1.0 0.0 0.9856004310204269
436 146.90625 65.17975252490936 0.15835936190910824 0.07058969323084213 0.5 0.25 1.7 0.8061277359243375
437 135.018 43.92879161446917 0.16891951144489462 0.054524127723016035 0.5639181826168544 0.16666666666666666 2.55 0.761039758072337
438 135.4375 46.26770339934563 0.15708042649241788 0.05365597968909719 0.5 0.25 2.25 0.7009029140311381
439 206.296625 179.10145447847304 0.1306994052562622 0.1133405249581127 0.055158706029700626 1.0 0.0 0.9656483773627305
440 134.9375 47.05438127636827 0.15585923619826902 0.05435258688179773 0.5 0.25 2.5 0.7029019145308881
441 159.28125 32.948625898158554 0.19147391611028328 0.039729129907616755 0.25 0.5 1.25 0.820474329874617
442 208.4375 120.8562260569435 0.12598974892165304 0.07299028480205141 0.25 0.5 0.3 0.9725505653309763
443 141.484375 32.588332090025176 0.1871371109396799 0.043239857376745065 0.7204697337432795 0.14285714285714285 27.45 0.7352827178889434
444 124.760625 35.399690082109416 0.21146963463432672 0.060056334374690205 0.6462348620485163 0.16666666666666666 3.0 0.728850577571715
445 188.961125 102.13949914221048 0.14296094569925355 0.07703470234005691 0.26880247752233805 0.5 0.95 0.89980272673513
446 142.33025 27.664951490075868 0.19076071203498304 0.03718062575360434 0.7018300800400872 0.14285714285714285 2.6 0.7616620031986915
447 126.645875 33.55890164502373 0.19802383061539994 0.0525729435276598 0.6462348620485163 0.16666666666666666 2.75 0.7153693525921984
448 150.77625 55.838479165590186 0.18230614159293845 0.06786468862151494 0.440310366145833 0.5 1.425 0.8384033262449753
449 210.05 210.37301076548292 0.12490330805549073 0.1250966984277899 0.04496977610989199 1.0 0.0 0.9874303441969515
450 170.306125 30.913052241479615 0.197496076027178 0.03594133821723486 0.4964508162117458 0.5 0.65 0.8798709503371073
451 149.40225 35.01675212552775 0.182466065441975 0.04285509012937029 0.6501480574043268 0.16666666666666666 2.25 0.8166690808698229
452 218.4375 0.15088834764831846 0.2497841133970501 0.0001737321215921282 0.25 0.5 1.0 0.9993116223133025
453 148.528125 24.75871968761535 0.193503834662278 0.0326304588008405 0.2547027950402848 0.5 26.825 0.8205197930591764
454 211.01975 211.62243226854974 0.12470934332132788 0.12506759056682765 0.037587502852068765 1.0 0.0 0.9914283451964518
455 161.625 29.02279277181069 0.21590048373238366 0.03919458195065408 0.25 0.5 1.625 0.8227521472840795
456 136.96875 61.32624318048265 0.1464489623284584 0.06555431337477224 0.5804820237218405 0.2 2.5 0.7053747422095688
457 211.9365 208.91086668103924 0.12561348166310354 0.12381859946719206 0.05977724989630799 1.0 0.0 0.9951336347340445
458 162.40625 54.755890584763534 0.1867221799153509 0.06295911711891779 0.5 0.25 1.75 0.7498983586296695
459 212.875 81.03420841286466 0.16443003302816958 0.06262557630454839 0.5 0.25 1.725 0.9907388383724904
460 145.03125 33.20522537432774 0.19758241403263035 0.043185694345905634 0.25 0.5 0.825 0.7874983334734807
461 140.1375 50.76775957311437 0.16543208163278866 0.05989410323677677 0.4006502171403489 0.3333333333333333 26.425 0.734165976207856
462 200.561 196.16355219283875 0.12540851765674144 0.12263008380746611 0.03558750285206876 1.0 0.0 0.9505897410542622
463 139.27075 7.444963187390728 0.23656354253380105 0.012736294053813045 0.39623918152056026 0.3333333333333333 1.625 0.6555485397793591
464 193.358375 116.73514352145777 0.15211237280283435 0.09122183724847852 0.02080538618957671 1.0 1.15 0.9311633604675121
465 133.161125 23.525824359892553 0.19611205421184985 0.03374370032845258 0.5351735229869594 0.3333333333333333 1.9 0.6899756729801129
466 171.2725 60.80153165050844 0.16665783000954212 0.059175413351422804 0.6258837333589908 0.2 2.0 0.9145355616959665
467 192.125 65.53195633032705 0.16654496389127443 0.05685575209960875 0.6462348620485163 0.16666666666666666 2.5 0.9511759009992216
468 131.306 54.418824014073536 0.15141745480245977 0.06306283098660384 0.5286903090269857 0.16666666666666666 1.925 0.7710509133978302
469 158.484375 38.4423046078206 0.19080437960731783 0.045928807613968545 0.25940269309478836 0.5 1.9 0.806374247180556
470 164.052125 72.34643863169744 0.14492528673346652 0.06404073100595348 0.39623918152056026 0.3333333333333333 1.75 0.837580817279178
471 190.859375 91.59830573068305 0.14502441370795668 0.06960705732115761 0.5 0.25 2.0 0.9517774767497733
472 172.03125 56.62729388396625 0.16198444699494838 0.05331883632263644 0.39623918152056026 0.3333333333333333 1.875 0.9105386898337333
473 209.715375 205.93666496440022 0.12545469590043717 0.12318870199313724 0.05734616080017752 1.0 0.0 0.986194494926244
474 144.40625 58.4039863531751 0.17960153002476925 0.0727668359329264 0.5 0.25 1.85 0.7075950680406792
475 203.3125 8.631777886283835 0.23996513214800402 0.010265982169955007 0.25 0.5 1.175 0.9613749468653294
476 201.577125 167.21627267460886 0.12787468106531308 0.10591030086765682 0.04058750285206876 1.0 0.4 0.9530028188800731
477 214.75 71.92575043316712 0.187061360684563 0.06265502120552723 0.39623918152056026 0.3333333333333333 1.75 0.9945016194884229
478 164.645625 34.2032653769895 0.2023435277926089 0.042156893997847146 0.6462348620485163 0.16666666666666666 2.25 0.8103331677029805
479 163.543 65.24056135107864 0.17678964068084896 0.07063883807221909 0.28289343390808763 0.5 0.725 0.889947109085689
480 161.63525 62.464054843340946 0.15933919401103366 0.06163184553028529 0.6462348620485163 0.16666666666666666 52.475 0.7867614973065687
481 134.875 21.926111234600114 0.21002356429863178 0.03437363194500636 0.39623918152056026 0.3333333333333333 1.65 0.8041967341433304
482 171.572875 46.18095912794565 0.1711983048752677 0.04597240483095751 0.39623918152056026 0.3333333333333333 1.875 0.8772572165557402
483 122.83925 31.781802966816585 0.2062069720858289 0.05364756010538173 0.7018300800400871 0.14285714285714285 2.05 0.7089214515643546
484 124.78125 44.19430620256499 0.15848886127923062 0.055661835713723365 0.5 0.25 2.4 0.7546110051669032
485 207.01175 161.5052018493217 0.13721168648908508 0.10682059722639965 0.039587502852068766 1.0 0.0 0.9823828632139758
486 155.298125 57.513457587553106 0.15656651288266968 0.058284380126818344 0.5114518240006265 0.2 1.5 0.8200516115665674
487 145.328125 61.510743919101174 0.17055062821251327 0.07184338711517464 0.5 0.25 1.55 0.7981696852651324
488 157.5875 23.73167011143574 0.22870144626090044 0.034709079759613584 0.5804820237218405 0.2 2.375 0.8247920944193017
489 179.75 70.18238425798242 0.16467889046528827 0.06439866769985718 0.39623918152056026 0.3333333333333333 2.25 0.8815265226202106
490 191.322375 144.59105067272466 0.14214632597061314 0.10757414032039371 0.3269690325371325 1.0 0.15 0.8754299537698697
491 135.40625 47.65265757849411 0.15532055148046958 0.054666947405666036 0.5 0.25 77.325 0.7027512383089332
492 128.609375 44.541168178091596 0.15626918067923304 0.05412046020686152 0.5 0.25 2.025 0.6724648783687721
493 125.53125 4.524106703616111 0.24117559837210645 0.009111978536328154 0.5 0.25 2.975 0.7233642254539413
494 207.116625 191.59603460092592 0.1285498446090597 0.11885227793973878 0.035394165498366575 1.0 0.0 0.9828078397965674
495 159.409 55.61068244641509 0.15583815502029502 0.054366339142991126 0.40946794288665245 0.3333333333333333 2.3 0.871170025708556
496 183.015625 84.2359315663403 0.14446647528270626 0.06648119796526789 0.5 0.25 27.375 0.921717695711177
497 132.326625 30.898254869998762 0.18243412529811 0.04242117063313904 0.7056313573495941 0.14285714285714285 2.875 0.7235682688212903
498 131.420125 35.1441926555784 0.19052664964021307 0.051098650993320706 0.8190599349671001 0.1111111111111111 3.075 0.7337019191481955
499 143.74375 29.36436832763513 0.20431593209123777 0.04170545923780175 0.5804820237218405 0.2 2.25 0.7308056361403069
500 195.83975 197.71362986297567 0.12031380458869506 0.12147008492308205 0.061716632789317015 1.0 25.125 0.9508422429018355
501 116.45 35.04094321769312 0.19156654315910085 0.05759459946400381 0.5804820237218405 0.2 1.95 0.6536118923120385
502 141.789375 73.71085753493418 0.14082181114905043 0.07322896089540924 0.5845144669212022 0.14285714285714285 1.675 0.6983609584964312
503 210.1575 208.49814327043399 0.12512756372877099 0.12413565620142149 0.054346160800177526 1.0 0.0 0.9872698978557292
504 206.706125 68.59374196303085 0.1869953187538587 0.06205549180185197 0.4050612527601375 0.3333333333333333 76.75 0.9788662012381428
505 136.58325 7.345863506361726 0.2416081112481114 0.013093141355021992 0.39623918152056026 0.3333333333333333 1.95 0.646005565946474
506 169.65625 72.70169961590358 0.16764765155762842 0.07182477379077588 0.5 0.25 2.1 0.855931794936446
507 132.00625 41.5810552022022 0.1875104882605621 0.05924691603567773 0.5804820237218405 0.2 2.5 0.7119428799643092
508 104.1875 3.665187535509187 0.24395541569854037 0.008645672210358746 0.5 0.25 2.175 0.6302307156358022
509 167.4375 101.81733655891476 0.1559581563672246 0.09392836998339578 0.0 1.0 0.1 0.8082086769061383
510 159.8125 89.72101535443804 0.12679834956932284 0.0711718221127602 0.5 0.25 2.0 0.7482288917943672
511 212.40875 212.63625329899241 0.12493227648445655 0.1250677253777765 0.028199364964106383 1.0 0.0 0.9969255965707645
512 146.96425 37.53715344625873 0.183723227243674 0.047198960811927225 0.7018300800400871 0.14285714285714285 2.65 0.7454772472059852
513 145.562375 49.497688467633665 0.16891427087585145 0.057424398183046454 0.6462348620485163 0.16666666666666666 3.0 0.7763422552463727
514 129.16125 40.905342191397814 0.18972513849968767 0.06025350284432161 0.6496922360707954 0.2 2.6 0.7241859973985811
515 140.79375 40.400978593079294 0.19649386553494497 0.056453708852676164 0.5804820237218405 0.2 2.3 0.7251283981862373
516 213.3125 125.05664767762354 0.12404821316400463 0.07273259095365112 0.39623918152056026 0.3333333333333333 1.45 0.984865461011922
517 182.6875 65.2086093563415 0.1661881862648438 0.0593249154081104 0.5 0.25 1.4 0.8623139555200765
518 157.914625 77.40047083707456 0.16729348546721037 0.08181575718809095 0.49530481666214343 0.3333333333333333 1.2 0.8576594903712387
519 148.265625 48.00879837485583 0.18398105053403718 0.05956058319149347 0.5 0.25 1.875 0.856671626399039
520 167.41675 32.823716061817244 0.19587277684040724 0.03843544049609313 0.6462348620485163 0.16666666666666666 2.1 0.7871812203189572
521 183.640625 45.4406271560181 0.21842241695137568 0.054047162226435116 0.5 0.25 1.575 0.9200861802156796
522 209.9075 133.9096493145344 0.12560590014560497 0.08007347543771323 0.2594055900805696 0.5 0.5 0.9753420274175713
523 155.133125 61.94079697894809 0.17891269382224434 0.0715257813848329 0.5042013465473941 0.25 1.95 0.8579672255226142
524 213.811875 203.6354245239257 0.1261991956996582 0.12015778440845241 0.04659233235881025 1.0 0.15 0.9961992675442624
525 153.75 63.453611181116486 0.1739705707162531 0.07012288036964291 0.0 1.0 1.85 0.8248691262361907
526 211.75 11.04300536520427 0.24236315271495243 0.012729621968607701 0.25 0.5 1.1 0.9895973028826632
527 195.731625 186.83460324748313 0.12576369447701444 0.11999271966308991 0.01980538618957671 1.0 0.35 0.9339461815721043
528 218.5 126.223271734896 0.12496400846459109 0.07218960345672679 0.39623918152056026 0.3333333333333333 1.5 0.9994059360941824
529 212.3125 7.837594835035837 0.24065424873677654 0.008946357938583753 0.25 0.5 1.0 0.9898900143445705
530 136.84375 59.26824575914399 0.15582051730634203 0.06761683248284028 0.6462348620485163 0.16666666666666666 76.65 0.764036000547437
531 148.74375 37.95108511720972 0.21021112145694065 0.05364949387151067 0.5804820237218405 0.2 2.575 0.7554906608060082
532 150.620375 43.097414357010116 0.17099549711788284 0.04924433355626868 0.7018300800400872 0.14285714285714285 2.5 0.7476119002382179
533 174.269375 52.60966572545584 0.17607929682772938 0.053104209448647625 0.5966406509010228 0.2 2.15 0.8063603526283433
534 144.078125 51.75049633494015 0.1790776967756155 0.0643627640278016 0.5 0.25 2.65 0.8223515723941025
535 180.210875 36.18240831504565 0.18765555186870056 0.037607821870396164 0.42268364143627934 0.3333333333333333 1.8 0.903031930819266
536 138.534 72.10260900854595 0.14509351279214175 0.07571798462488966 0.5428868841801633 0.3333333333333333 1.55 0.7028782498594054
537 133.66675 28.029098109456616 0.20418615763480835 0.043103244759429185 0.39623918152056026 0.3333333333333333 2.175 0.6933796100738095
538 157.46875 55.174381503902445 0.18232467675284403 0.06390651271023257 0.5 0.25 1.75 0.7357817309927367
539 178.734375 44.64388156976755 0.21292591724853893 0.05319184106367847 0.5 0.25 1.425 0.9160772799596477
540 147.734375 68.86480603908826 0.16011236091784553 0.07419345446394003 0.5 0.25 2.15 0.7973794819528162
541 190.09875 58.23607799648212 0.1789683595110876 0.054846331960821657 0.6579483746831841 0.16666666666666666 2.625 0.9248898003330888
542 144.4905 45.52395438132763 0.17982223841054498 0.05663519974033427 0.6697567235035985 0.16666666666666666 2.65 0.7656709034547182
543 141.851875 76.63690853524525 0.13995907694808335 0.07589733010583831 0.5144104429963567 0.25 1.75 0.6923771145282528
544 138.56675 26.962434421676047 0.18701501601112672 0.03639249516125411 0.7018300800400871 0.14285714285714285 3.0 0.7719354304910189
545 175.0665 118.67918929241083 0.126762392854319 0.08589936743347033 0.27350237557684154 0.5 25.5 0.8425114489470709
546 162.46875 54.703211437017 0.18571950784684443 0.0625361887631757 0.5 0.25 1.75 0.7489931721606745
547 167.21875 61.980581619090216 0.16357934075918354 0.060545463152834295 0.25 0.5 25.825 0.9051887272695742
548 214.0 6.386869883634397 0.24439344832330176 0.0073452956010141715 0.25 0.5 1.075 0.992238088747303
549 189.4005 98.35106855534136 0.1331632556919606 0.06909717033484708 0.42268364143627923 0.3333333333333333 1.5 0.9266731211878134
550 185.056125 99.2368083013654 0.15030553462053206 0.079901854910332 0.026003104211196205 1.0 1.125 0.9483171772150257
551 160.21875 46.31857882713703 0.1669447628232883 0.048173988880718284 0.39623918152056026 0.3333333333333333 2.05 0.8827574632257343
552 148.085875 53.69121417198049 0.16176051783197373 0.058725181834724124 0.5197685342514707 0.2 2.225 0.7915279031053248
553 109.921875 8.993788828945126 0.21935474458253293 0.01805473610432726 0.5 0.25 1.9 0.6495052908633311
554 141.802125 76.45145867212605 0.13335894231398884 0.07196552378868469 0.6462348620485163 0.16666666666666666 2.225 0.8128194978177495
555 168.921125 82.45262621804748 0.16473604757302462 0.07911654549287539 0.02080538618957671 1.0 25.725 0.8728094451649177
556 168.302125 58.290722349350176 0.15670960314051166 0.05427900158372113 0.39623918152056026 0.3333333333333333 2.0 0.8858168429654917
557 205.792 195.6109725001244 0.12636854933956226 0.12008078289805993 0.0777514261723556 1.0 0.05 0.9771880934208366
558 196.487875 149.11544676706248 0.12922248598164238 0.0978187141263876 0.03858750285206876 1.0 0.6 0.9365576570789425
559 188.96875 45.907167325852896 0.21694365628882667 0.052696592711127734 0.5 0.25 2.0 0.9469024705018158
560 190.6875 58.01206127956936 0.1682624454645797 0.05122000735190411 0.39623918152056026 0.3333333333333333 2.025 0.9560790884677238
561 142.466875 28.17350329056761 0.20964269927176155 0.04134689517492831 0.432831223763497 0.5 1.475 0.7579871531561609
562 128.734375 45.042808360242674 0.15565982281160126 0.05446789941134667 0.5 0.25 2.25 0.6748974964331172
563 163.02675 59.17526424941409 0.1868876423457405 0.06758405061395147 0.27350237557684154 0.5 26.425 0.8661736535964374
564 161.575 30.394511446618687 0.18932182921904364 0.035484102546854676 0.5804820237218405 0.2 2.75 0.9043474150863964
565 199.9125 164.10874622298184 0.13444074362021194 0.11017728571262518 0.06253213739847145 1.0 0.175 0.9553020426864688
566 162.546875 55.39739613396261 0.17132360876650174 0.058412269433246865 0.5 0.25 1.85 0.8993596839562854
567 200.892 142.05833263851662 0.12507449272115362 0.08844531265216367 0.27350237557684154 0.5 0.45 0.9423303379511563
568 157.26075 55.19701278913104 0.156616169230827 0.05498129979910517 0.705631357349594 0.14285714285714285 52.55 0.8174746999877345
569 207.91725 206.5515509091788 0.12541298462830686 0.12458690567445803 0.07843974113410103 1.0 0.3 0.9804143022092909
570 208.869125 205.3862720397086 0.12573975681839594 0.12363528873476333 0.056968717049095785 1.0 0.0 0.9839407343043911
571 209.359375 208.55224756317776 0.12484736238365989 0.12436615153849825 0.08026120117668256 1.0 0.0 0.9884666666493663
572 202.73125 154.362948477006 0.13983433175222132 0.10617390095165727 0.01040559008056961 1.0 0.6 0.960696339297899
573 184.546875 48.23531479211374 0.2057680545523046 0.0538064754454227 0.5 0.25 1.675 0.9186260103179361
574 148.0555 110.25154107012605 0.11714516004578497 0.08687211896080337 0.3667067844038092 0.5 0.475 0.8233740002943074
575 161.1875 56.47095484742452 0.18063560467605635 0.06318570528284634 0.39623918152056026 0.3333333333333333 1.05 0.7403835660173218
576 159.791625 54.77556411895991 0.18571948413416442 0.06363162942556248 0.6462348620485163 0.16666666666666666 2.9 0.7969330989732833
577 195.69375 94.21006568035021 0.14115614960505493 0.06795194857853039 0.5804820237218405 0.2 2.5 0.9606429721524951
578 137.938375 34.732256832315116 0.1965019089688073 0.04945459010742831 0.6540612527601374 0.16666666666666666 2.475 0.735722718161011
579 199.83975 180.54512311023777 0.1279578858885173 0.11552389692972019 0.04677937405126462 1.0 0.3 0.9709340735249559
580 121.232 25.40598677676248 0.207835953520996 0.04381987131764802 0.7018300800400871 0.14285714285714285 3.4 0.7174126871392257
581 127.609375 44.89857853860145 0.15963927432270147 0.056207167808925276 0.5 0.25 1.65 0.6705981429897069
582 147.225 15.010073501096327 0.21845284004758073 0.022194657078067025 0.5804820237218405 0.2 2.025 0.848054508410953
583 151.859375 30.722815993938756 0.18736395480247547 0.03797038083632388 0.5 0.25 1.725 0.854118771607805
584 160.416625 15.681378931413754 0.22197115379786095 0.021757527264396923 0.6462348620485163 0.16666666666666666 1.8 0.830261164573085
585 175.949875 61.65472887368682 0.1630040537124141 0.057278943597204784 0.334154482404463 0.3333333333333333 1.8 0.875952239429016
586 136.0 48.63120326939311 0.15440137020462283 0.05522327072090957 0.5 0.25 2.5 0.701129492932703
587 207.266875 207.0306258861904 0.1243803526556886 0.12423361789439752 0.06220685778499008 1.0 0.175 0.9818756012442986
588 167.32875 24.058948711514414 0.2053241852402776 0.029242166571851528 0.5284105007263965 0.3333333333333333 0.475 0.8169437733465847
589 155.955875 43.418120845799336 0.1949488246900931 0.05421565789700338 0.5210009153551997 0.25 1.825 0.7424659810414201
590 164.142625 92.76268977592268 0.16571501579131825 0.09277877499037114 0.026003104211196205 1.0 0.55 0.8880706035873592
591 153.1695 90.87034271814503 0.1346058341755804 0.07962235759017648 0.2594055900805696 0.5 1.4 0.8071633213556084
592 143.89375 57.51126877515308 0.16397245827509135 0.06545079270470475 0.5804820237218405 0.2 1.8 0.7279773518511715
593 164.403625 59.020979871435486 0.19373346981597622 0.0698040249495551 0.3940412334696567 0.5 0.925 0.8794230461041849
594 155.25 29.72599899228914 0.2094929775197672 0.04040640526041428 0.5804820237218405 0.2 2.225 0.8561482116026258
595 165.828125 46.24809702635798 0.19162693022356916 0.05337234099511619 0.5 0.25 2.25 0.9025761226254724
596 166.77075 95.50451092961134 0.13055933526427757 0.07490788954950829 0.39623918152056026 0.3333333333333333 1.25 0.7776273472295404
597 200.853 193.96562082628296 0.12681784983873404 0.12243486803215964 0.04040193030018289 1.0 0.0 0.9559731384091604
598 146.34375 43.282842590622735 0.18033591539480215 0.05330081836062759 0.5 0.25 1.725 0.7173634916378652
599 144.875 0.28836550044673437 0.24927840991320055 0.0004996178699583952 0.39623918152056026 0.3333333333333333 2.0 0.6667230291077418
600 143.565125 48.12067175926176 0.1610356185135965 0.05408022175584102 0.7010411466040941 0.16666666666666666 2.825 0.7499066074955529
