0 203.165 7.397190420315813 0.23698766312944972 0.008454508290878819 0.5885541237159978 0.2 1.875 0.997250611275286
1 206.75 5.319110285928784 0.24203887831615753 0.006273524349383741 0.25 0.5 1.0 0.998003992015968
2 169.230625 110.44993691328015 0.14480087605579559 0.09441455859562913 0.3897653669988064 0.2 0.05 0.9833130675726672
3 215.375 0.7365587123513043 0.2488364632043454 0.0008570131639806988 0.25 0.5 1.0 0.998003992015968
4 191.992625 66.31987651362051 0.1679441947782019 0.057985399645427364 0.5594128021492044 0.25 26.775 0.9896042477361383
5 175.151625 119.53384217806777 0.14355908622096528 0.09784216419816853 0.4256262776265129 1.0 0.525 0.9820704403293175
6 188.9125 59.55729940192698 0.187701642344816 0.059195734585472164 0.5229578395329963 0.008064516129032258 27.0 0.9712634855095099
7 172.222375 116.35075796606993 0.1452155028965795 0.0979711042169835 0.436677771008865 1.0 0.4 0.9781909804935802
8 194.00025 34.64862838601697 0.2113221259789625 0.037705511183029075 0.6332076580194955 0.2 2.25 0.9854996756357478
9 191.01125 43.35397532095317 0.20040212531325716 0.04537631972152117 0.45101567498464706 0.5 0.45 0.9931070172015345
10 209.375 4.265977191260796 0.24556923613459058 0.005040410023919786 0.25 0.5 1.0 0.998003992015968
11 172.2165 147.5281888103087 0.13426760980991634 0.11498049095147295 0.23059485833628232 1.0 0.2 0.9789443612342623
12 194.615125 37.446746119339636 0.20956136949892057 0.04031128285325316 0.6178347985405697 0.2 2.0 0.9929944610692077
13 209.8125 1.6321517396738514 0.246961462102754 0.0019353580156312204 0.25 0.5 1.0 0.998003992015968
14 197.875 5.319173114666224 0.240406232605553 0.0065148839408781375 0.6462348620485163 0.16666666666666666 2.5 0.998003992015968
15 216.1875 1.265494665519154 0.24819365628882664 0.001463028026802561 0.25 0.5 1.0 0.998003992015968
16 175.17525 153.9757065794033 0.13091082708550014 0.11497633782926779 0.18571416354915332 1.0 0.2 0.9623009605680466
17 165.190625 186.51447618403148 0.11738003026842296 0.13253061222809248 0.1380465256423816 0.5 0.075 0.9799228542395979
18 168.843875 159.2581289508314 0.1259609107825686 0.11875925596696431 0.20003111680417618 1.0 0.075 0.9781909804935802
19 171.36025 132.53575369240275 0.1378748583041553 0.10661767874329724 0.38202857481094044 1.0 0.7 0.9829363772023262
20 165.828875 123.30168002950255 0.1378613375841884 0.10230420281907533 0.2907540442138167 0.3333333333333333 0.45 0.9793210516046034
21 186.027 62.20772799881636 0.1800811679235872 0.060205585884140406 0.5078626876945436 0.5 25.575 0.9801134543186464
22 194.9335 60.44947136158278 0.18960927346059356 0.05878683844672162 0.5235231676000387 0.3333333333333333 2.0 0.9824861526730194
23 199.38525 48.70088542906242 0.18852190393271126 0.046094054005932944 0.6254297223508682 0.0051813471502590676 51.375 0.9931070172015345
24 196.516875 58.40460465410375 0.175516716542233 0.052114867693815355 0.575429583557266 0.25 1.75 0.9934837075718755
25 171.784375 142.75281490502434 0.13061387524659573 0.1085499228882638 0.38972859110222324 1.0 0.925 0.9821829964616441
26 176.232625 88.16871206878079 0.14725035938392061 0.07352368694629996 0.44722736316072004 0.5 26.025 0.9821829964616441
27 168.684375 146.6079086171747 0.13323377704267908 0.11577480190609303 0.22627727803546668 1.0 0.475 0.9821829964616441
28 210.5625 5.2313004573087625 0.24211038344231034 0.006058415369722237 0.25 0.5 1.0 0.998003992015968
29 168.9975 141.15118111106543 0.13500744604346496 0.11270634234888639 0.2262772780354667 1.0 0.275 0.9821829964616441
30 180.19375 92.66012437759593 0.1874549004787777 0.0963298656961276 0.5319794703099241 0.3333333333333333 26.575 0.98067623498028
31 199.058875 10.307955555685341 0.23784032615760287 0.01184189629947463 0.2610313229408271 1.0 0.0 0.995254603291254
32 204.5625 3.332771018847021 0.24658283647416082 0.0040486419102557635 0.6462348620485164 0.16666666666666666 2.75 0.998003992015968
33 193.111125 45.91499538214881 0.1939684725716095 0.04616123690965457 0.6403356470280986 1.0 26.75 0.9873441055140921
34 194.661625 54.306467903475806 0.18989406549214988 0.0529150452399608 0.5039579471389288 0.3333333333333333 52.0 0.9908468749794882
35 186.50125 124.68229291245609 0.13218435874881615 0.08833018372194745 0.3880465256423816 0.5 0.5 0.988963423127783
36 164.418875 132.273687037341 0.13399489364987424 0.10752396217893886 0.2363269336782683 1.0 0.15 0.9732204715201809
37 181.154 113.33791723784763 0.13384123591109534 0.08376229953436524 0.4478653014933264 0.034482758620689655 25.65 0.9867032809057367
38 182.774625 33.697442942441526 0.21078463183275983 0.03707569997349051 0.22243958257789595 0.3333333333333333 0.4 0.9007233594866758
39 168.661875 121.75308072880163 0.14422259821165614 0.1039278510241805 0.35292822574870475 1.0 0.525 0.9685140967847958
40 181.0475 115.38980557694003 0.1349912397522164 0.08602172371523738 0.42988909134347575 0.5 101.3 0.9867032809057367
41 170.89375 152.49772929205113 0.1319048804567159 0.11770688146499139 0.22627727803546668 1.0 0.0 0.9821829964616441
42 195.740625 64.13132134967356 0.18698514560221657 0.061256164727078115 0.4904327250140029 0.3333333333333333 27.075 0.9882100423871009
43 204.20675 9.88540027819929 0.23865179826454488 0.010902599846460269 0.43589784993567277 0.3333333333333333 2.0 0.990132516212167
44 162.983125 116.03593083365234 0.1457449041222678 0.10360814875906467 0.41505078682379387 0.5 0.725 0.9798102981072712
45 200.93175 4.673626931930927 0.24110955300642764 0.005650948153565455 0.28758457053699926 0.5 1.0 0.9945012225505719
46 173.335875 108.31317461692664 0.15340285113376267 0.09572922470679675 0.42765133996218896 1.0 0.625 0.9827112649376728
47 172.495625 115.73046816368858 0.14605015392433154 0.09785376885662325 0.4037556819797169 1.0 0.45 0.975969860244895
48 186.72225 96.37917077347122 0.1498210699240906 0.07720997959576716 0.4911733528191353 0.5 25.625 0.9877207958844331
49 162.280625 128.0690465804482 0.13934837269536315 0.10985552699309592 0.22841356284936598 1.0 0.2 0.9818063060913031
50 207.1875 4.964651380351943 0.2426979301263554 0.005858946469109644 0.25 0.5 1.0 0.998003992015968
51 186.067625 58.29115353847654 0.1771360806338377 0.055579897009737936 0.5030721783043054 0.5 0.275 0.9788708270752966
52 191.6095 51.87000176300056 0.19525943770470372 0.05281480058194141 0.5513976062588763 0.3333333333333333 52.0 0.989340113498124
53 205.251125 8.304121122316106 0.2387836044355896 0.009856637861874722 0.268802477522338 1.0 0.0 0.9964972305346039
54 167.570125 155.28628305231504 0.12726288970540248 0.11792473138210294 0.3429372740350661 1.0 0.625 0.98067623498028
55 194.06575 61.99580236752737 0.17319651422378993 0.05529286861342465 0.5810934042577011 0.25 1.75 0.9904701846091472
56 195.304375 69.86543410907662 0.1671793589817446 0.05944927339171427 0.3676448581457744 0.5 0.125 0.9912235653498292
57 200.621625 7.916987327543641 0.239125746493291 0.00935439541318437 0.3088875273417405 1.0 0.0 0.9893791354714849
58 205.3125 7.441192246771041 0.23984850884608544 0.00875819014251573 0.5 0.25 2.0 0.998003992015968
59 181.48125 62.18801547996915 0.15727515552062243 0.0540986122554506 0.5453190629175324 0.3333333333333333 1.125 0.9804901446889874
60 167.174125 133.18767519391454 0.13587407544762561 0.108111626972023 0.30897251148020544 0.5 0.475 0.9706226609011545
61 208.5 3.916496961991082 0.24238799169601827 0.004586529558449378 0.25 0.5 1.0 0.998003992015968
62 191.12325 58.48961340864195 0.17558538021491862 0.053650498690533906 0.5684776455269486 0.3333333333333333 26.45 0.9916002557201703
63 185.96 80.28517204340768 0.15393876852074598 0.0662098902711628 0.43088035047092277 0.5 50.85 0.989340113498124
64 199.20125 58.06204041938338 0.1916588091367355 0.05586368828760839 0.5343887293681827 0.3333333333333333 52.025 0.9769873752235914
65 181.559 106.14514868480157 0.18305677636233908 0.10705952450475999 0.5307206104807671 0.3333333333333333 26.575 0.9814296157209621
66 197.833375 15.510982452988433 0.2268171019761445 0.01724512891115622 0.51189041954232 0.5 0.5 0.994877912920913
67 194.033125 21.145440179962044 0.22507365587174447 0.024617739527735785 0.5228076410190223 0.3333333333333333 1.0 0.992128524196199
68 180.71275 105.47210731852748 0.13513883747419805 0.0788253703733175 0.4765040274115013 0.5 75.8 0.9848198290540314
69 173.01375 120.22901112824013 0.1358542107297207 0.09439491886496894 0.4446990683192084 0.3333333333333333 0.325 0.9840664483133493
70 185.9415 128.2655810539665 0.12995240137842093 0.08964972826421085 0.440274625022339 0.02127659574468085 76.075 0.9804511227156265
71 178.96275 97.76202969735945 0.13771732046388224 0.0751163004271308 0.41652086209449357 0.5 76.025 0.9835772018106816
72 203.002125 11.545328601673319 0.23487681239856834 0.012686716267008681 0.30690696058831723 1.0 0.0 0.991751833825858
73 166.235625 154.19717550476582 0.12882978826769118 0.11943119173622958 0.19302821031003894 1.0 0.45 0.9814296157209621
74 164.653 129.39490645839388 0.13401305859026838 0.10530195911020679 0.3449295098343072 1.0 0.0 0.9812045034563086
75 190.994875 74.43372978976211 0.17250946824594293 0.06723933896273643 0.5131840532340668 1.0 0.175 0.9718652881445043
76 177.9725 108.63490413264496 0.13339991943097199 0.08133342277526143 0.3857056918953594 1.0 0.15 0.989340113498124
77 188.364375 58.26696439088529 0.18854315652572284 0.058386627068612584 0.6172979542571518 0.25 51.975 0.9713760416418366
78 217.8125 0.6179105114081288 0.24949542872547967 0.0007127200536199924 0.25 0.5 1.0 0.998003992015968
79 179.0345 102.9273270988177 0.13645631595631577 0.07839066084234513 0.4572965480700568 1.0 0.2 0.9844431386836904
80 184.281625 37.726037891548536 0.18943050538176007 0.038667695590034676 0.46963828610270786 1.0 0.625 0.9862530563764299
81 193.033125 41.434299947297696 0.19432313846375748 0.041768400296037664 0.379900575972499 0.5 0.45 0.996873920904945
82 189.77725 64.33388293555343 0.18237415618738959 0.06184377665979356 0.5235400035461396 0.5 0.4 0.9757447479802415
83 189.126875 57.25493319737564 0.18846398022515778 0.05699843347638416 0.571308551214262 0.3333333333333333 1.4 0.9843696045247247
84 199.529125 8.796142665499747 0.2370518718949234 0.010406510113899885 0.2943593387862494 1.0 0.0 0.9946137786828987
85 185.217 60.15772583000311 0.17507658690037714 0.05698381804360397 0.4603278034358678 0.5 0.45 0.9880974862547741
86 180.829875 97.71292968010802 0.1293549137451045 0.0698894282270686 0.543044447401613 0.3333333333333333 176.5 0.9844431386836904
87 193.05125 58.763248794151856 0.19150633626377955 0.05825386442147124 0.4763546615474197 0.3333333333333333 2.0 0.9888508669954562
88 169.62075 131.82006398607948 0.135962504253921 0.10563211701272204 0.3847706534742602 0.25 0.475 0.9805636788479533
89 206.223375 9.207604463118345 0.2375068604952776 0.010679788231810636 0.2975827846613872 1.0 0.0 0.992128524196199
90 165.9225 133.31575790093768 0.13414382963778587 0.10769387433477107 0.23005649799287908 1.0 0.8 0.9818063060913031
91 202.986375 41.15922989597401 0.20668842944456656 0.04191361976775995 0.6558776355550101 0.2 27.325 0.9827502869110337
92 193.19 18.143529821190686 0.2269106793800715 0.019374105860407206 0.17154436782003457 1.0 0.0 0.9956312936615951
93 181.981125 102.31728891146366 0.14181707207289276 0.07958047624956344 0.42461796594433265 0.5 75.7 0.9885867327574419
94 196.155875 63.456943700346386 0.16111094129735 0.05210378183073429 0.5739782372814827 0.3333333333333333 1.25 0.9843696045247247
95 204.25 5.240333778634011 0.2402944000144124 0.0062119855815485755 0.5 0.25 2.0 0.998003992015968
96 175.400625 136.11248741464425 0.13988431555983535 0.10854906035990128 0.3809629606246454 0.3333333333333333 0.325 0.9820704403293175
97 166.23625 153.3188186277543 0.1298879976072849 0.11972245491281798 0.19516228707250963 1.0 0.425 0.981052925350621
98 182.469375 99.60774025068604 0.1425515632210478 0.0777945222025544 0.5052521967986785 0.5 26.125 0.9814296157209621
99 211.4375 1.804939837291057 0.24698491311861512 0.0021237561808283333 0.25 0.5 1.0 0.998003992015968
100 201.282625 8.945805919987672 0.23670243758084997 0.010483619574751458 0.2764512097900294 1.0 0.0 0.9957438497939218
101 169.634375 148.6754816340982 0.13245997526388145 0.11607798824725342 0.228413562849366 1.0 0.0 0.9818063060913031
102 198.449375 60.41983482563863 0.19144900823915612 0.058271790940632076 0.4851716456975634 0.3333333333333333 1.95 0.9916002557201703
103 166.50825 128.97021012065866 0.13937083981359896 0.10786186345172195 0.2878579898458886 1.0 0.775 0.9821829964616441
104 164.907125 127.47418810455326 0.1346172258603882 0.1039425028995918 0.298315194717665 1.0 0.675 0.97160115390649
105 178.209625 91.44867733638995 0.13246101926055834 0.0679333825248244 0.5465210364664075 0.3333333333333333 151.4 0.9733720496258685
106 185.86925 107.44136838880559 0.18043576819727344 0.1043453816452204 0.5805470051187027 0.3333333333333333 26.65 0.9677216940707528
107 185.135375 100.24179772458086 0.14605083486149625 0.07899547099068113 0.45960161064002225 0.5 51.075 0.9859499001650546
108 189.77 12.203421319495249 0.23081576221526212 0.014934043993656176 0.24580312115404535 1.0 0.0 0.994877912920913
109 211.3125 1.9456805257764316 0.2478584641317188 0.0022988935912642817 0.25 0.5 1.0 0.998003992015968
110 164.61825 143.0443226660435 0.1334057919252328 0.11584837958842216 0.3275321822507234 1.0 0.4 0.9619978043566714
111 188.936875 26.612569415069604 0.21781942960201026 0.03082679830733423 0.19987218661748438 1.0 0.0 0.9964972305346039
112 176.061625 103.55185131432377 0.13547438964652764 0.07960766808969778 0.44536233182999835 0.5 101.325 0.9855732097947135
113 218.0625 0.8967793267718459 0.2483515990368296 0.0010283605461580603 0.25 0.5 1.0 0.998003992015968
114 178.19525 95.75959352026233 0.14218723550689333 0.07622678842246888 0.39070753541771835 0.5 0.65 0.9885867327574419
115 181.822875 12.855472304150021 0.23055178047279337 0.015996000383793875 0.2777786566887256 1.0 0.0 0.995254603291254
116 199.875 5.162558637318246 0.24140207682865267 0.006284924406715167 0.5 0.25 2.0 0.998003992015968
117 191.914625 52.891674334704355 0.1954379219800048 0.053797976676052635 0.5207933301814374 0.006756756756756757 102.025 0.9828628430433605
118 172.432 127.93495588117355 0.14194530278243023 0.10530885751705767 0.4007968280850401 1.0 0.0 0.9820704403293175
119 171.97725 107.34111862739765 0.1490697506548632 0.09292900286673296 0.46477309243700443 1.0 0.8 0.9816937499589764
120 166.49875 145.83896457831568 0.13291119001360022 0.11640065166764586 0.23005649799287908 0.5 25.3 0.9818063060913031
121 184.29375 81.17732010483729 0.1571110008896881 0.06881930740101365 0.3579641208190003 0.5 25.625 0.9885867327574419
122 187.8055 11.492692730517673 0.23081720437336553 0.014218488277489406 0.30130514404907616 1.0 0.0 0.990132516212167
123 213.5625 1.149003254665 0.24831660870510391 0.0013455732503524765 0.25 0.5 1.0 0.998003992015968
124 181.101875 98.11175981374024 0.1395077383600676 0.07557690994095938 0.522677945889562 0.5 50.875 0.9848198290540314
125 184.171375 92.73493532229521 0.14896328701054096 0.07491712216716236 0.551327257081964 0.018867924528301886 0.725 0.9619978043566714
126 194.249125 26.527375507920784 0.22013546721683416 0.02804058930688618 0.18123463877382 1.0 0.0 0.996873920904945
127 193.7075 71.08072024908256 0.16527126151490987 0.060650787547250874 0.5637560575045537 0.25 27.0 0.9839929141543836
128 175.010125 111.43516283779125 0.1398142113177016 0.0889962604255052 0.4174566980122318 0.3333333333333333 0.7 0.9859499001650546
129 172.89075 139.2460527477062 0.13274299932041822 0.10687951050328912 0.30310994908063404 1.0 0.8 0.9808278130859676
130 192.59175 37.39643856311075 0.19492809667951053 0.038089788761320444 0.5930566388387233 1.0 1.575 0.987006437117112
131 167.655 141.69188332296278 0.13410938362083835 0.11329517772643836 0.22627727803546668 1.0 0.275 0.9821829964616441
132 186.625125 33.73688556907547 0.20024188839095575 0.03598757879969785 0.5237097129034181 0.3333333333333333 27.025 0.9863656125087565
133 188.8255 64.35345499558288 0.18471142075480654 0.06297481442329422 0.5094780831495073 0.3333333333333333 51.9 0.9897168038684651
134 197.40025 37.821184122316915 0.20777841266518948 0.03980323619686169 0.6594228245192948 0.2 2.2 0.9852355413977334
135 196.333375 64.61570621871273 0.18577625788866606 0.06113831498443278 0.49808682943422855 0.3333333333333333 27.0 0.9823735965406927
136 191.135375 72.21475542887862 0.1743252497890482 0.06594421627545594 0.5223732303265687 1.0 0.4 0.9821094623026784
137 172.6435 131.21909084047348 0.138960721613671 0.10558933098765003 0.4257675261559821 0.5 0.3 0.9777017339909125
138 168.93125 121.15601406042597 0.13843458639617803 0.09919634943369311 0.36090162110252405 1.0 0.75 0.9829363772023262
139 191.161375 51.558711322498546 0.19371293193458775 0.05219683073684241 0.5368807935196044 0.3333333333333333 2.05 0.9789833832076232
140 191.735125 63.50022940804204 0.1842337876746329 0.06104444264421668 0.48796923311974594 0.3333333333333333 2.0 0.9870799712760777
141 203.63125 14.9850011065274 0.2308583013641428 0.01657571504125506 0.27288997211189214 1.0 0.0 0.9964972305346039
142 209.5625 3.3538766846045256 0.24413246713578896 0.003935785009481367 0.5 0.25 2.0 0.998003992015968
143 177.1405 80.96271561902049 0.15108138005050092 0.06887176619514139 0.4493834283484305 0.5 25.875 0.9859499001650546
144 167.863125 119.19090763801219 0.14131217513776886 0.10027726253274692 0.3969939639848349 1.0 0.875 0.9840664483133493
145 197.890125 28.783852682378054 0.21457626000126043 0.0310575477412671 0.45074811434582474 1.0 0.1 0.9902450723444938
146 188.028125 25.77610120606185 0.21788992142307617 0.027756503190745435 0.1377448994667585 1.0 0.025 0.9708867951391689
147 165.068125 115.50587852983936 0.14615035804054657 0.10213207058057157 0.4305721604209398 1.0 50.775 0.9793210516046034
148 202.12925 10.376271222904904 0.2351812498641053 0.012222070903514062 0.29725687119630734 1.0 0.0 0.9909984530851759
149 204.525 12.555678551829732 0.23307154837368638 0.014601047593093604 0.2771730804000888 1.0 0.0 0.996873920904945
150 178.408875 103.51877536600854 0.14211342052302342 0.08234273161253715 0.44127389477366885 0.02127659574468085 50.9 0.98067623498028
151 194.499375 107.16524094088183 0.12797271443930328 0.07050965540442199 0.5134873917865561 0.041666666666666664 76.625 0.9904701846091472
152 183.142625 114.31413877214811 0.13200710946443472 0.0824341470503297 0.4799563103655434 0.5 0.8 0.9859499001650546
153 176.46775 108.84521887942242 0.1335826441152497 0.08237198098657071 0.42461098388541274 0.5 25.85 0.9814296157209621
154 205.773 8.129695499005615 0.239441874006212 0.009446535288928712 0.26877920761688495 1.0 0.0 0.994877912920913
155 173.743375 47.65903517846575 0.18483160995394013 0.050538668106203666 0.5956359476499573 0.25 26.8 0.9828628430433605
156 211.625 3.260909858431436 0.2466976455165494 0.003828916369462542 0.5 0.25 1.5 0.998003992015968
157 202.0425 9.659803568947948 0.23806454195946167 0.011298984454612625 0.2728024286387857 1.0 0.0 0.992881904936881
158 187.40175 45.03134356771464 0.1956280937643736 0.04692299076273521 0.5295509863769141 0.3333333333333333 2.0 0.9803775885566608
159 180.248625 74.3368354820587 0.14613420705102564 0.0602142945519391 0.5129152427402834 0.5 151.4 0.9772124874882447
160 185.56 104.18053197377589 0.1410448100339526 0.07908007089788988 0.40238723852342945 0.5 125.925 0.989340113498124
161 183.986625 96.19622974476475 0.14783239741313928 0.07718220564214504 0.4627662989009689 0.5 50.9 0.9843305825513637
162 183.874375 125.22331093960507 0.12518455122925926 0.0852136745010492 0.3814130958415231 0.5 0.5 0.988963423127783
163 183.81625 95.87008625605324 0.13145752013355028 0.06854372100087011 0.549990679647705 0.3333333333333333 151.55 0.9721294223825186
164 184.944625 110.70784899007126 0.13281525484797663 0.0794893480022842 0.4772822492688043 0.5 50.875 0.9789443612342623
165 209.5625 1.5385478494230544 0.24769296726437448 0.0018320306941269793 0.25 0.5 1.0 0.998003992015968
166 213.375 1.7727618650907153 0.2475173441315746 0.0020711353955227343 0.5 0.25 1.5 0.998003992015968
167 192.583625 62.88418663870276 0.1868589032203805 0.0610006608355231 0.4995446950865445 0.3333333333333333 27.05 0.9844821606570513
168 195.19025 71.8899821539211 0.16421473025619782 0.06047626870317842 0.5532917947745181 0.25 2.05 0.9851229852654068
169 197.29575 62.097112324256535 0.1885399682517966 0.05933553224570004 0.524245353958489 0.3333333333333333 102.0 0.9833520895460282
170 165.353125 141.99831467915132 0.13364450297236724 0.11473280962263434 0.23005649799287908 0.5 0.5 0.9818063060913031
171 182.9205 107.71327474715322 0.13886997007723198 0.08176930758966569 0.5282507034678664 0.5 51.025 0.9638422342350157
172 166.80925 123.90993308817836 0.14342432184380555 0.10648103998571705 0.3666913276061828 1.0 0.325 0.9816937499589764
173 184.133 37.63756120657058 0.21377180659552938 0.04377774757347265 0.6577277913866232 0.2 27.225 0.9859889221384155
174 199.74025 38.66665337643474 0.20770018800417597 0.04019702281147798 0.6398700213048185 0.2 2.125 0.9874956836197797
175 188.836 67.55003581787169 0.1640890609160534 0.05868734346209409 0.5652961286972927 0.25 1.75 0.9803775885566608
176 172.21225 152.8066023009683 0.12954670166301865 0.11496777724420977 0.3642757149676119 1.0 0.5 0.9801869884776122
177 195.065 64.15566315942067 0.18794386730560025 0.06180167254069119 0.4666680975498779 0.3333333333333333 26.975 0.9916002557201703
178 179.787875 49.32595456297362 0.19432310588517715 0.053248193349099485 0.5223148658732878 0.3333333333333333 52.0 0.9764981287209236
179 200.051125 12.25825298304626 0.2334853578247591 0.013405827931482605 0.26444881260013875 1.0 0.0 0.994877912920913
180 218.6875 0.1966415231213733 0.24978436339705007 0.00022614992023889974 0.25 0.5 1.0 0.998003992015968
181 169.898125 114.08518649955317 0.14900003884809565 0.0997905480973432 0.2262772780354667 1.0 0.2 0.9821829964616441
182 202.570625 9.47390568070658 0.23709340729119646 0.010724727737995158 0.2556379160715452 1.0 0.0 0.997627301645627
183 205.0 3.270376281809859 0.2459200372130242 0.003953485490131121 0.25 0.5 1.0 0.998003992015968
184 186.993125 112.26452660648272 0.1261705962898992 0.07575996932014739 0.461935541703984 1.0 50.425 0.989340113498124
185 186.5625 36.70851153131916 0.2033013879955061 0.03756216205767362 0.0 1.0 0.0 0.998003992015968
186 169.4 145.89259471998307 0.13385990751813967 0.11525357878943578 0.23005649799287908 0.5 0.4 0.9818063060913031
187 183.02475 50.51572503241296 0.17936560695589862 0.049695780229885494 0.6828664463322733 0.25 1.125 0.9590923277385135
188 201.5625 4.444711334417646 0.2427179912640206 0.005394421001893805 0.5 0.25 1.5 0.998003992015968
189 190.3645 42.60665511798603 0.19425526150782502 0.04334759004628558 0.47878186681072377 1.0 0.45 0.9858763660060889
190 192.381 19.381374552347378 0.22402230635039985 0.02235591602361739 0.6487305347074267 0.1111111111111111 2.4 0.9800008981863197
191 193.005625 10.72156937760592 0.23309404842623588 0.012522457950254017 0.28652788505580357 1.0 0.0 0.9941245321802309
192 204.9915 4.299307659941195 0.24269278865777408 0.00512841010537606 0.2641054881350731 0.5 1.0 0.9956312936615951
193 194.63 50.80655908504441 0.19601249420735592 0.05169362939449613 0.4282841176471733 1.0 1.8 0.997627301645627
194 193.33075 37.395995666795486 0.20475704565992858 0.037373573964017415 0.09587424155163246 1.0 0.0 0.9942370883125576
195 171.719375 147.01008249262085 0.12975816288214564 0.11111504050992377 0.3064489424326124 1.0 25.45 0.9833130675726672
196 191.17975 82.15931606600215 0.16098767189861904 0.06900832262279516 0.5400987897370046 0.25 0.875 0.9870799712760777
197 193.101875 81.2027258262978 0.14851016842028872 0.06251909775756276 0.5534008163143379 0.5 25.5 0.9851229852654068
198 199.93325 39.34276023774728 0.20906793635514895 0.04113615471403162 0.6251475028810055 0.2 52.25 0.9898683819741527
199 168.780625 146.77316033804067 0.13368131834984104 0.11622641009970655 0.2279219513674581 0.3333333333333333 0.175 0.9821829964616441
200 198.156875 34.5836082069885 0.2098378242604661 0.03659179261354816 0.62877268106471 0.2 2.275 0.9938603979422166
201 194.385625 67.9409249152512 0.1816557214681149 0.06349398722521588 0.49789049576457095 0.3333333333333333 1.975 0.9748788111072327
202 194.0015 55.44022960718039 0.19087809373206843 0.05449744803779039 0.4977703837427599 0.3333333333333333 52.0 0.9783815805726288
203 184.003125 69.65497798807013 0.1649254544403515 0.06235002519055479 0.4385140308905272 0.5 0.45 0.9828628430433605
204 183.09 86.69556048708476 0.15674252383234075 0.07396228696750481 0.39804738206559886 0.038461538461538464 25.7 0.9900934942388061
205 180.33 102.84803805376805 0.1404595405187964 0.0800062596494278 0.4072873730533196 0.038461538461538464 26.025 0.9897168038684651
206 181.779125 83.83168088870875 0.1557172394922176 0.0716992336847303 0.4552377519253666 1.0 0.0 0.9756667040335196
207 209.75 2.557857093714687 0.24688735142233337 0.003033032474143069 0.25 0.5 1.0 0.998003992015968
208 172.29125 162.4528622153108 0.12744580640126305 0.12015282221507805 0.25476285960084954 1.0 0.525 0.9757057260068805
209 192.11125 31.94877972165138 0.21443600703040958 0.03520032756612119 0.252350029244201 1.0 0.0 0.997627301645627
210 166.4075 147.59075037171067 0.12963831256578037 0.11496171650686321 0.2888000677979732 0.25 0.875 0.9746491890548232
211 165.639375 129.2126914699563 0.13869584180883218 0.10807375260449795 0.22627727803546668 1.0 0.5 0.9821829964616441
212 166.661125 136.48603151794197 0.13181990360092538 0.10786564204054551 0.32590078081789037 0.5 0.55 0.980299544609939
213 187.787125 60.9269937595391 0.17574976858625985 0.057024486087520046 0.5141411092089412 0.018867924528301886 0.575 0.9874566616464188
214 166.66375 134.25063971690764 0.1336752338329607 0.10759236669591823 0.3641148446187449 1.0 0.425 0.9814296157209621
215 189.713125 114.71622612340227 0.13427664385890212 0.08118645521807642 0.47542782856364624 0.2 25.975 0.9897168038684651
216 199.5625 9.860829914230955 0.23670392705195634 0.0110509380371578 0.39623918152056026 0.3333333333333333 2.0 0.998003992015968
217 179.600625 58.753424014786326 0.18398805178547178 0.05979487025885294 0.3727735795655342 0.5 0.5 0.9878333520167598
218 184.983875 46.93539943768075 0.1742382438289893 0.0441086776250667 0.5721193147001129 0.3333333333333333 0.45 0.9923536364608524
219 169.7395 135.9684526592959 0.1358902502329196 0.1088535434186771 0.3621650332722041 1.0 25.6 0.9800744323452855
220 201.392375 40.475903305655685 0.2079136831996746 0.041791472641723386 0.47210229581280594 1.0 0.9 0.9887383108631296
221 168.00575 143.43272586077055 0.1319090391430499 0.11259716043175601 0.3692762514715811 0.25 25.55 0.9769483532502304
222 194.584 61.224903278828066 0.18827089346956544 0.059224413456030994 0.488420596115474 0.3333333333333333 1.95 0.9908468749794882
223 193.75075 55.62557814360919 0.19324705052774743 0.05544490265372361 0.5368852827915955 0.3333333333333333 52.025 0.9874566616464188
224 184.524875 50.08587965079666 0.19439313942072314 0.05267496127501283 0.5340378290162919 0.3333333333333333 27.1 0.9775891778585858
225 195.072625 63.599784121042916 0.17042548947761782 0.05569744154821521 0.6558654749393743 0.25 26.875 0.9821829964616441
226 170.077375 72.1771756410519 0.1713958892547745 0.07224191888083592 0.44685279723469684 1.0 0.575 0.9780784243612536
227 182.51925 102.19941597519359 0.1419300113907188 0.07979961441566198 0.42124026922719937 1.0 0.0 0.9898683819741527
228 213.4375 0.9631704360405051 0.2487528235500522 0.001130590462174033 0.25 0.5 1.0 0.998003992015968
229 168.065625 77.55013779869816 0.191602284314087 0.08872668135052149 0.4476736027950316 0.3333333333333333 0.8 0.8798747938345672
230 212.625 0.3247595264191645 0.24955670362948096 0.0003839440206176516 0.25 0.5 1.0 0.998003992015968
231 194.9525 9.424812335441755 0.23766741390792748 0.011818561928949946 0.3078654753200027 1.0 0.225 0.991751833825858
232 192.694375 62.23098523256604 0.18875716300772818 0.060955829286080954 0.5500932183021703 0.3333333333333333 2.0 0.9793600735779643
233 164.699375 131.58834719639148 0.1354167586740873 0.10812778930523229 0.2986864443313258 0.5 0.375 0.9740864083931897
234 190.476 65.88767223712337 0.1845893973861397 0.06384098437057921 0.518905434186761 0.3333333333333333 2.0 0.969644167895819
235 206.05625 4.844868087824151 0.24018381389156018 0.005684617272050278 0.6483652563881929 0.5 1.3 0.997627301645627
236 170.157375 105.23953860324815 0.15370329874703323 0.09468196792119805 0.34393605176475145 0.3333333333333333 0.85 0.974350542631204
237 189.510375 61.08640334846287 0.1865036893139788 0.06010159082189314 0.5217045962533047 0.011363636363636364 2.0 0.9807152569536409
238 182.049375 98.67922135836291 0.18048667549172376 0.0977320083096088 0.4926630158985589 0.3333333333333333 51.65 0.9885867327574419
239 218.8125 0.15088834764831846 0.24978452967551198 0.00017341336050063344 0.25 0.5 1.0 0.998003992015968
240 218.8125 0.0625 0.24992812113235005 7.18788676499778e-05 0.25 0.5 1.0 0.998003992015968
241 185.126625 57.88818517770536 0.165946068372838 0.05204587041925733 0.6745521210285146 0.3333333333333333 1.1 0.9693019897110828
242 189.284125 55.76182684660155 0.1912321154039644 0.05630498091801093 0.5227911814647369 0.3333333333333333 102.0 0.9841054702867102
243 195.82075 62.56565100558502 0.1878976869373385 0.06002345658892171 0.5029679714981881 0.3333333333333333 101.95 0.9904701846091472
244 207.077125 9.168122420300039 0.23767187878107085 0.01055326852913332 0.2823605696195991 1.0 0.0 0.9945012225505719
245 170.569 108.11285698623801 0.14438234881857404 0.09130936969310559 0.36861228390054473 1.0 0.3 0.9824471306996585
246 183.493875 110.3296031395137 0.1345300529579568 0.08087615097569296 0.4859096985202692 0.018867924528301886 50.8 0.9855732097947135
247 189.81975 51.397153655267864 0.19414586543917473 0.05253520016042995 0.5745866286451909 0.3333333333333333 77.0 0.9772515094616057
248 183.934625 115.1097095831997 0.13129289594560312 0.082153118659402 0.4677834813779342 0.5 75.85 0.9812045034563086
249 181.70875 73.60394299440436 0.1477759401734245 0.059715358362974806 0.5818516387129793 0.047619047619047616 51.6 0.9729953592555275
250 173.93475 26.54821393418536 0.2099308112831479 0.032418853302185496 0.397283337853133 0.2 0.7 0.9799228542395979
251 193.46375 66.04217625735193 0.1698260957416125 0.05793950315846941 0.5510451984791649 0.25 1.75 0.9934837075718755
252 199.565375 52.683828667825644 0.18304752049693765 0.04845587176321802 0.624754162641032 0.5 26.2 0.9907343188471615
253 168.10775 125.65813501746626 0.14093199712076393 0.10527170921902895 0.3732670196008372 0.25 0.275 0.97160115390649
254 204.393125 5.617961905796077 0.2409291107117274 0.006673160910557529 0.2594055900805696 0.5 1.0 0.997627301645627
255 163.9265 133.5593588637358 0.1356521535284912 0.11032277113293236 0.19812950176215502 1.0 0.225 0.9794336077369301
256 204.740125 1.5120617235557707 0.24779032170380363 0.001844050100379238 0.2641054881350732 0.5 1.0 0.997250611275286
257 196.701375 9.337148869947917 0.23603536599083946 0.011292753601485675 0.2590833530121761 1.0 0.0 0.995254603291254
258 202.919625 9.845226764221989 0.23646119552043013 0.011326726784278035 0.26815053822136037 1.0 0.0 0.994877912920913
259 170.70875 149.45749041686568 0.1306339856851509 0.11438984447033007 0.2854088136010497 0.5 25.75 0.9825596868319851
260 205.061875 11.295335110145249 0.2362354722539036 0.012485997520010627 0.2863998021118115 1.0 0.0 0.992128524196199
261 171.625625 146.4785661922349 0.13283478364962872 0.11336989749382397 0.27718812543369115 1.0 0.275 0.9825596868319851
262 201.9285 7.2871307161983525 0.2404617891475457 0.008722117986274102 0.30489373172152645 1.0 0.0 0.9929944610692077
263 191.456375 51.111324042290406 0.19493118613640104 0.051976621052697326 0.5317519581074099 0.3333333333333333 77.0 0.9852355413977334
264 193.64075 22.870999462155698 0.22214993072239828 0.0242902310862156 0.23867390942478625 1.0 0.0 0.994877912920913
265 185.577125 46.7326772023252 0.19831608542344129 0.04983621487224427 0.5263218861494288 0.3333333333333333 52.0 0.9829753991756871
266 190.788875 62.45956915095047 0.17038709327222826 0.055740428500179046 0.5762650761199875 0.25 2.05 0.9847462948950657
267 203.145 9.44763944126262 0.23694110428278514 0.010666021186796134 0.2826299961710781 1.0 0.175 0.9964972305346039
268 193.66325 58.976720171550625 0.18483253299144364 0.056248107054682035 0.48312190932131505 0.5 0.65 0.9912235653498292
269 184.036625 113.66912323817608 0.13312800697781818 0.08220498142303295 0.4261274575132231 0.5 25.85 0.9821829964616441
270 213.125 4.084454745835064 0.2462185054141226 0.0047524133869650655 0.25 0.5 1.0 0.998003992015968
271 187.343375 47.8330399361629 0.19885785030667438 0.051075568450655084 0.6123135818039837 0.3333333333333333 0.825 0.9863265905353956
272 188.34725 51.969269574039124 0.19205836298472162 0.05294961644963449 0.5035866719231732 0.3333333333333333 76.975 0.9919769460905113
273 185.635 125.57219717376996 0.13155804167118498 0.08889955222140426 0.31902326282119076 1.0 0.15 0.988963423127783
274 218.625 0.2985953551952283 0.2497124845294001 0.0003434031362716148 0.25 0.5 1.0 0.998003992015968
275 201.265 7.014991131591409 0.24016394121187395 0.008377717709612022 0.2894913585022483 1.0 0.175 0.9925052145665401
276 194.664875 62.13820114360121 0.18788051314715365 0.0599603579058071 0.5116646707771169 0.3333333333333333 2.0 0.9824861526730194
277 189.99375 130.05723639816406 0.12877528652186337 0.08814888365166024 0.3880465256423816 0.5 0.5 0.988963423127783
278 193.291125 60.00426721873304 0.1865609528597343 0.05790620749787527 0.518429961368453 0.5 0.45 0.9777407559642735
279 199.1795 43.515482932921785 0.1988942271697492 0.04347738402000964 0.6254211950553196 0.2 26.975 0.9898683819741527
280 210.6875 1.7785520184250598 0.24785211652774852 0.002107676969474758 0.25 0.5 1.0 0.998003992015968
281 188.916 39.252060455616636 0.20675511860483758 0.04270012446876558 0.4890457188818572 1.0 0.45 0.9874566616464188
282 194.44475 31.00461107782918 0.21199163496854773 0.033865585699984116 0.16535027203362443 0.2 0.275 0.9885131985984761
283 193.40775 57.477687016217466 0.19061043504318742 0.05663758467730275 0.5104769739490738 0.3333333333333333 2.05 0.9868548590114243
284 186.425 103.25312689697742 0.18272906954466997 0.10114992944701097 0.5114327628663466 0.3333333333333333 1.55 0.988963423127783
285 198.6545 40.098441161801716 0.20338794427464907 0.04106008322267014 0.6224776254231179 0.2 2.25 0.9893791354714849
286 196.63275 69.2417757749898 0.18466823607276012 0.06478973632155782 0.4907137536411017 0.5 0.2 0.9867032809057367
287 170.249375 137.73099365629724 0.1362034729899287 0.11010550797944663 0.28427337325775454 1.0 0.65 0.9708867951391689
288 198.1055 72.15202111485306 0.16515288347425802 0.06015152441406211 0.5762486832757374 0.25 26.875 0.9839929141543836
289 187.935 118.81904477613229 0.12281618333104534 0.07771795031100671 0.4709325954346832 1.0 0.35 0.9878333520167598
290 185.551375 106.29057653578259 0.140571285759957 0.0804797860539322 0.45744901348259714 0.5 0.85 0.9863265905353956
291 180.4345 69.62409741947502 0.16418677627755596 0.06343438602761885 0.2905432596789638 0.5 0.15 0.9848588510273923
292 193.01225 64.6577841704102 0.16983195325865058 0.05701484093677609 0.5159585324494902 1.0 100.9 0.9834646456783549
293 189.48125 16.140221441648343 0.22670906787921447 0.018132544406260654 0.2615782923947905 1.0 0.0 0.996873920904945
294 216.0 0.78753289011263 0.24883990361263808 0.0009136272487194781 0.25 0.5 1.0 0.998003992015968
295 194.304875 58.490119152018586 0.18934645688937585 0.05697510252327956 0.4889087339939494 0.3333333333333333 77.0 0.9897168038684651
296 191.16025 57.259446863098084 0.18840356108546993 0.056388393739229985 0.48766570861331054 0.3333333333333333 2.0 0.9877207958844331
297 171.19 134.12627950044617 0.13113898147615147 0.10275041335159986 0.4276553159791408 1.0 0.1 0.9820704403293175
298 169.51375 144.4875962146251 0.13292491614470983 0.11326259493857437 0.22627727803546668 1.0 0.7 0.9821829964616441
299 218.8125 0.0625 0.24992812113235005 7.18788676499778e-05 0.25 0.5 1.0 0.998003992015968
300 204.906 10.135528184350841 0.2363735548900347 0.011178128301853857 0.28742538018115793 1.0 0.0 0.994877912920913
301 216.3125 0.0625 0.24992727895027156 7.27210497284112e-05 0.25 0.5 1.0 0.998003992015968
302 180.555 61.723651655290936 0.17044956067814354 0.05885355983560106 0.26479375142603434 0.5 0.5 0.9964972305346039
303 190.322625 56.710311504655785 0.1916767693105408 0.05708347177656215 0.5109493393493747 0.3333333333333333 2.0 0.9916002557201703
304 176.381 98.32030035003598 0.13970650048834224 0.07774909779561917 0.42255505989084996 0.5 0.725 0.9851965194243725
305 208.25 1.6274056162590431 0.24790112586634633 0.0019518366386327922 0.25 0.5 1.0 0.998003992015968
306 203.76525 9.861384307925709 0.23602194495245185 0.011514480951100144 0.29091941301478175 1.0 0.0 0.9941245321802309
307 215.875 0.8904879280484381 0.24855067368534786 0.0010324860696005295 0.25 0.5 1.0 0.998003992015968
308 166.7125 142.7767852368465 0.13441647953563718 0.11508262059636863 0.22627727803546668 1.0 0.6 0.9821829964616441
309 181.151875 50.210026449786305 0.18035834360936173 0.0493401272923044 0.20930326445398575 1.0 0.275 0.9844431386836904
310 212.0625 0.869042660414207 0.24823146449936817 0.0010246234485438977 0.5 0.25 1.5 0.998003992015968
311 169.476875 107.09820027588269 0.15272939722628376 0.09643054211145474 0.4783480187365953 1.0 26.1 0.9795851858426178
312 168.874375 140.71860656462792 0.13099045936320852 0.1091381523243507 0.32396047285734697 0.3333333333333333 0.3 0.9659898203247352
313 201.6065 9.311068218803332 0.2351924159236409 0.01090167704555394 0.295267375504939 1.0 0.0 0.9953671594235808
314 167.69075 117.91413785199643 0.14090824005275004 0.09893916330666687 0.3244922505548079 0.3333333333333333 0.0 0.9818063060913031
315 184.467875 112.31143861203792 0.13176067969379807 0.08020514598459043 0.4660477644843018 0.5 50.725 0.9848198290540314
316 179.034625 119.40088969178856 0.1284019657894996 0.08556801103267538 0.36099683753600975 0.5 50.625 0.9844431386836904
317 171.41075 121.9834459243656 0.14370344106645064 0.10218343587422907 0.4340548013397903 0.25 0.75 0.9775891778585858
318 192.279625 50.250427050437956 0.1972796068567971 0.05150545139130102 0.5289355654916426 0.3333333333333333 2.1 0.988963423127783
319 188.828375 57.98456402119376 0.1887722873416249 0.05793839633995327 0.494421293254091 0.3333333333333333 2.075 0.9832395334137015
320 185.693125 87.66618138154384 0.15452289226993765 0.07260788165569576 0.3860234813029072 0.5 25.525 0.9885867327574419
321 187.079375 138.57288766824786 0.12548450324045904 0.0929420532942894 0.36580348403689295 0.5 0.5 0.98659072477341
322 193.957 67.39974695831417 0.1677864058485347 0.05827291129333321 0.5510811677450699 0.25 2.0 0.9919769460905113
323 190.356 71.15504138980346 0.1519525519758131 0.05678176995634655 0.5910824521541693 1.0 1.425 0.9927303268311934
324 186.58625 60.18031806648419 0.1724943752919022 0.05569417198168094 0.49634287940869076 1.0 25.425 0.9762339944829093
325 202.056125 3.846299446236496 0.24346460352447447 0.004671148667736181 0.2735023755768416 0.5 1.0 0.9956312936615951
326 180.7475 93.04251541707524 0.1560805766114979 0.08012369124673148 0.45003776145650853 1.0 25.9 0.9848198290540314
327 213.3125 2.3766163189354566 0.24715558818584477 0.002773413999744445 0.25 0.5 1.0 0.998003992015968
328 192.528 55.048607556352685 0.18880618558208934 0.05394332206886627 0.5555637949361558 0.3333333333333333 2.075 0.9854606536623869
329 201.567 39.9499429722913 0.1989164476088177 0.0394374256466437 0.6299421051843603 0.5 26.3 0.9938603979422166
330 172.618 109.8718404047824 0.1483741027249551 0.09424931164164663 0.36973040174572286 1.0 0.2 0.9804511227156265
331 171.93225 90.4673387092748 0.14067012242210813 0.07417011601145938 0.615707700315121 0.5 50.675 0.9626731411506316
332 192.637375 64.57230548453471 0.18535488933878694 0.06214147623318102 0.5098168238812508 0.3333333333333333 2.05 0.9822220184350051
333 171.290375 135.57082541807966 0.13203575861057606 0.10450088873991033 0.35782303418411304 1.0 0.625 0.9784551147315946
334 188.184875 35.94116368899205 0.20715481567850458 0.03954321541559273 0.6317576599162047 0.2 2.0 0.9838803580220569
335 201.37475 12.826041881009118 0.23181038476553886 0.014959849604200243 0.2687937514260344 1.0 0.0 0.996873920904945
336 189.2215 57.22073246548688 0.18005187683982612 0.054450923922286835 0.5140297787691748 1.0 50.4 0.9837287799163692
337 180.38725 119.4757322057279 0.12887461227750852 0.0853155251957504 0.38815657604197445 0.5 0.5 0.9791694734989158
338 186.775625 102.37245386436832 0.1422196953435419 0.07788153893149573 0.4721490424404135 0.5 25.675 0.9897168038684651
339 177.3775 111.37108291189875 0.13410484443622608 0.08422679050110066 0.4808726474925921 1.0 0.2 0.9783425585992679
340 167.696875 142.25810679950118 0.1345333829589644 0.11408159251846033 0.23005649799287908 0.5 0.0 0.9818063060913029
341 194.9785 59.40938243576112 0.19134597744517923 0.058309380229464455 0.5401287408649088 0.3333333333333333 1.825 0.9717872441977825
342 192.5195 39.07796859571555 0.1906841415789952 0.03872998025914822 0.6119333383944637 0.5 1.0 0.9906217627148348
343 173.048875 29.637008658871466 0.2218174495792482 0.03855336580657648 0.6696946222624568 0.16666666666666666 1.9 0.9662884667483544
344 193.0385 55.65494150978622 0.19331726459464568 0.05570193185336279 0.5452808771093145 0.007407407407407408 27.075 0.9745021207368917
345 211.5625 2.5077959772964102 0.2456867550781829 0.0029333788156388004 0.25 0.5 1.0 0.998003992015968
346 186.4325 138.21062372813287 0.12326071786450633 0.09135335635878858 0.3194598934895774 0.5 25.5 0.988963423127783
347 181.83275 122.1622346356238 0.13148621187041404 0.08838356735774398 0.35250785487335845 1.0 0.3 0.9834646456783549
348 187.832625 58.421768865504625 0.18916897106598302 0.058820072920284475 0.5276860490117543 0.3333333333333333 2.075 0.9809793911916552
349 201.89 13.576264960107329 0.23382481144109163 0.014697124814163319 0.250562405947841 1.0 0.0 0.994877912920913
350 190.31075 58.056890713479504 0.1818195298125012 0.0554566827400935 0.4705473524345106 0.5 0.1 0.9863656125087565
351 199.344125 42.07649677189895 0.1936138793263573 0.04089336520518681 0.42721847647701733 1.0 0.0 0.9918643899581846
352 170.15 131.2923152200768 0.1377659247517517 0.10621587529388381 0.2829901302015803 0.3333333333333333 0.425 0.9825596868319851
353 175.319375 125.38739761809194 0.1284349850011896 0.09171703599498383 0.2666761248187318 1.0 0.25 0.9785676708639213
354 188.8575 72.08118997149954 0.1511217551915957 0.05746122244654927 0.518930850930454 0.3333333333333333 76.4 0.9904701846091472
355 191.273625 60.82098600654516 0.17708133065768755 0.056378821653608774 0.4753753682468677 1.0 0.5 0.9852355413977334
356 187.57225 49.112373205736894 0.19536622483158556 0.05109095941045373 0.5196660533698915 0.05555555555555555 27.05 0.9841054702867102
357 190.205125 56.203244407696985 0.1916423126343992 0.05662179544727477 0.5538848041291744 0.3333333333333333 76.925 0.9904701846091472
358 192.152 30.40203863331775 0.21378028294499485 0.03375589696999257 0.6348001559471506 0.16666666666666666 2.0 0.9882490643604618
359 189.128 61.01602123939876 0.17426468085721927 0.05626855333085175 0.5011622274393648 1.0 0.3 0.9900934942388061
360 206.22075 7.856902231754338 0.24072338559496056 0.00906155735508533 0.29182006936369836 1.0 0.0 0.9937478418098898
361 191.500625 25.71690240402208 0.2187752639529126 0.028897303238342126 0.5861700368299401 0.5 0.45 0.9961205401642629
362 193.43875 18.09235158528396 0.22208384035618958 0.020930706563526275 0.28158750285206874 0.5 0.5 0.9949904690532397
363 213.5 3.126642094940935 0.24381841738210192 0.00359583518158379 0.5 0.25 1.5 0.998003992015968
364 199.494875 21.783450997099298 0.22477804384907377 0.022628466103474267 0.23880328867455916 1.0 0.0 0.992881904936881
365 175.786125 42.720058123272615 0.21833850745588493 0.053052670540279456 0.5827436843767558 0.25 26.9 0.9486575535012911
366 199.871875 7.865123473484296 0.2392641973552503 0.009360794127566144 0.28552788505580357 1.0 0.0 0.9961205401642629
367 188.096875 48.627759399410294 0.19415506266056515 0.05006221656727344 0.46343573188714954 0.5 0.25 0.9919769460905113
368 169.161125 120.50878329034155 0.13370416042361152 0.09514585579267561 0.3254141718460013 0.2 0.6 0.9809403692182943
369 210.8125 1.2021719830626323 0.24800024947126 0.001424643300540917 0.25 0.5 1.0 0.998003992015968
370 215.5625 1.8971873608157994 0.2463320944165178 0.0021831160881602106 0.25 0.5 1.0 0.998003992015968
371 168.523625 114.91867824355737 0.14770780756083857 0.10058524561091257 0.4066319905352895 0.1 0.45 0.9783425585992679
372 190.834375 65.65153329988537 0.1694094988073556 0.058309839338478456 0.47354393197960654 0.5 25.35 0.9801134543186464
373 179.14625 102.57442913567931 0.13901111516676695 0.07949890991853212 0.4069220293362474 0.5 50.975 0.989340113498124
374 215.5625 0.4213535866733714 0.2494900989205836 0.0004910920935168048 0.25 0.5 1.0 0.998003992015968
375 200.6315 73.71426366396898 0.1657865253588539 0.06091298145521201 0.5510334731751498 0.25 1.75 0.9919769460905113
376 182.06975 95.86230571489438 0.14784274318260493 0.07764241073562973 0.40829380812323895 0.5 25.6 0.983841336048696
377 203.369 11.019837856727515 0.2349960322923771 0.012439924740184537 0.2863499329715737 1.0 0.0 0.992128524196199
378 202.533125 39.133353278131814 0.2019742195233751 0.038817770780572615 0.565174673747148 0.3333333333333333 1.8 0.979888342053993
379 200.968125 6.612100298924691 0.2417624928838885 0.007863510683629017 0.5020224464824332 1.0 1.6 0.997627301645627
380 213.6875 3.243966715333637 0.2455873237396652 0.0037546857808833435 0.25 0.5 1.0 0.998003992015968
381 190.30225 63.31476714758546 0.17269222715957566 0.057451015920255755 0.4655803629661085 0.5 0.45 0.9780048902022878
382 188.092375 49.275176917236564 0.19416268256831562 0.05076870228685092 0.5255366356341485 0.3333333333333333 2.0 0.9821094623026784
383 192.712125 20.610076855936597 0.21979151418284568 0.02354522872933553 0.47014890949683596 0.3333333333333333 0.8 0.9941245321802309
384 169.4845 142.58007936438523 0.132072755165623 0.11105777086927605 0.24548986254190305 0.3333333333333333 0.5 0.9793210516046034
385 195.696875 24.823863605197573 0.21801812617121416 0.02767981048029586 0.2512512488649899 1.0 0.0 0.997627301645627
386 188.390625 51.5537742366991 0.177662512803 0.048418498410829486 0.4729086768612247 1.0 0.25 0.9916002557201703
387 205.321 8.78979311744878 0.23752463199688553 0.010131851245289326 0.2825714367694112 0.3333333333333333 0.0 0.9941245321802309
388 192.776125 57.69813481551627 0.17668251792229503 0.05280939400946449 0.596913976440058 0.25 51.75 0.962149382462359
389 197.0 14.881161604339741 0.22381362651544315 0.017035351066897804 0.25 0.5 1.0 0.998003992015968
390 196.199 63.95672636074119 0.1753152564766997 0.05714932565785088 0.46210436631253926 0.5 0.35 0.9876082397521064
391 192.972125 57.904224727427454 0.18767050893852535 0.05626627238587528 0.4809207916281996 0.3333333333333333 26.975 0.9848588510273923
392 197.229875 10.101201946900705 0.2345111926748837 0.0118926374611073 0.29553828090058615 1.0 0.0 0.990132516212167
393 199.507875 62.98787904261792 0.1900698328263721 0.06000887944291168 0.5008526247725362 0.3333333333333333 2.05 0.9859889221384155
394 168.129 127.67077415904278 0.13495946449732088 0.1023863660439385 0.3007692179470723 0.5 25.625 0.9764591067475626
395 200.19825 17.416952014330192 0.2305893616606795 0.019025191831400716 0.25960468905286577 1.0 0.2 0.994877912920913
396 189.881125 23.790281893901575 0.21991790759070542 0.02763902807576617 0.17340929631848623 1.0 0.0 0.9933711514395488
397 169.719375 123.0204292639474 0.14421588616079345 0.10442480390477382 0.3358066066608642 1.0 51.1 0.9825596868319851
398 174.693625 75.89005312107894 0.1971860414676234 0.0856751879962173 0.17029023953750325 0.3333333333333333 0.15 0.8171190800933
399 193.99675 63.632958423702675 0.1675508558975317 0.054942977432690235 0.6042454489252708 0.25 76.875 0.9784941367049556
400 198.75975 70.57451220703358 0.16735833186462798 0.05942522681063988 0.5660144842513308 0.25 26.825 0.9851229852654068
401 183.6395 74.17280927182108 0.16062754047563663 0.06512790511352491 0.47049542797508814 0.5 25.675 0.9923536364608524
402 174.979125 107.56032736556418 0.15325961122423495 0.09404533756161647 0.4295496355650517 0.125 0.425 0.9804511227156265
403 207.1875 2.7480808334934026 0.24435579029873747 0.003265420577640019 0.5 0.25 1.5 0.998003992015968
404 195.120625 19.183249385642434 0.22518449081705585 0.02238495965001009 0.3417015893640664 1.0 0.4 0.996873920904945
405 199.38725 25.07410214954453 0.2176569166287254 0.02715781117454038 0.5219049563001023 0.5 50.925 0.9937478418098898
406 197.6875 4.58316017623205 0.24235235801871977 0.005664687738412571 0.5 0.25 1.5 0.998003992015968
407 187.98775 68.72970218279288 0.19290730864021366 0.07063290565476321 0.5745725314441423 0.3333333333333333 0.7 0.9801134543186464
408 204.95625 26.550168640404806 0.2059143373155805 0.026768850999948298 0.5755072667889963 0.3333333333333333 25.95 0.9964972305346039
409 209.25 4.234065110350735 0.24265037057984415 0.004945790797054535 0.6462348620485163 0.16666666666666666 2.5 0.998003992015968
410 200.875 9.614926597751243 0.234556692446078 0.011313268630235494 0.5 0.25 1.5 0.998003992015968
411 189.9775 66.7955823853521 0.16266435213651925 0.057337739949948355 0.4644660279127026 0.5 0.15 0.9934837075718755
412 203.212625 13.34274918658814 0.2344811995760919 0.014616714293706111 0.2706032979316955 1.0 0.075 0.9961205401642629
413 162.697125 107.42071545608167 0.14216540429620456 0.09349367057691646 0.2706837764757333 0.2 0.35 0.9787927831285748
414 186.829125 93.53837537963128 0.1366187886612163 0.06833964472481349 0.5482618131935544 1.0 50.725 0.9853480975300601
415 218.8125 0.0625 0.24992812113235005 7.18788676499778e-05 0.25 0.5 1.0 0.998003992015968
416 210.0 1.8588780733968562 0.24630769677882547 0.0021963347893542737 0.5 0.25 1.5 0.998003992015968
417 191.718125 60.36109848056336 0.1650834462955188 0.05193853244935874 0.5534125240601117 0.3333333333333333 1.025 0.9823735965406927
418 196.06875 59.24095079207109 0.18685683502652994 0.05642891374954153 0.49230122126596976 0.16666666666666666 51.95 0.9916002557201703
419 177.834375 117.44225343993688 0.132461417555027 0.08744132929027117 0.29908889508200986 1.0 25.6 0.9787927831285748
420 166.4075 141.20763556807623 0.13484157130664778 0.1143753912610045 0.23005649799287908 0.3333333333333333 0.2 0.9818063060913031
421 176.624875 102.53718683672403 0.1265049758614549 0.07337511522348268 0.2563215544730048 0.5 0.675 0.9770609093825572
422 179.66525 111.25611427087145 0.1336493277368632 0.08275214139309893 0.4636787742942074 0.2 51.15 0.9803385665832999
423 166.949 139.43879930967896 0.13290760930449735 0.11098117101371434 0.28177014114356047 1.0 0.0 0.9809403692182943
424 190.615625 66.87810816440047 0.17916572468315461 0.0628830677464484 0.518133868703982 0.3333333333333333 52.0 0.9776281998319467
425 178.368125 105.2798848095149 0.1347632940109268 0.0794464544603093 0.4004646154936672 0.5 50.8 0.9897168038684651
426 191.880625 20.248497416773763 0.22309595038883828 0.023765706080954952 0.4797572961363026 1.0 1.6 0.997627301645627
427 168.44925 134.49509178829652 0.13876993355707629 0.11073597216987098 0.28063540968919465 1.0 0.575 0.9809403692182943
428 199.3125 2.6142539293350793 0.24741878381625718 0.0032719151965391446 0.6462348620485163 0.16666666666666666 2.5 0.998003992015968
429 200.91075 4.371287176506719 0.24350317020517573 0.005346722488219524 0.6579657569716932 0.16666666666666666 2.5 0.996873920904945
430 165.35875 140.2858690325194 0.1329372128696363 0.11266858151349811 0.25448252434062024 1.0 0.575 0.9814296157209621
431 187.248125 137.04300808740317 0.12356817915072175 0.09043478226777661 0.3472624042895263 1.0 0.2 0.9855732097947135
432 172.03025 77.657505374436 0.14163265642567954 0.0637392551173373 0.511307364316876 0.5 26.55 0.9823735965406927
433 163.526 124.02654016004365 0.13537325598149832 0.10262166048318201 0.3494707770188205 0.5 0.6 0.9758182821392073
434 165.716875 104.84213789610064 0.1480811819907607 0.09349448854106884 0.4402393245616894 1.0 25.6 0.9804511227156265
435 189.19025 125.84176629329338 0.1310324149189725 0.08732509802795099 0.5736285840308457 1.0 0.125 0.9882100423871009
436 180.172375 103.88712428498125 0.13889751442931242 0.07998620093788922 0.4048701396252512 0.5 0.775 0.9851965194243725
437 173.169375 74.78111096898128 0.15613950817570085 0.06703016356419854 0.4316489375459553 0.5 25.85 0.9568757172775844
438 209.4375 2.3414173916765586 0.24637078709263385 0.0027747058602797955 0.5 0.25 1.5 0.998003992015968
439 186.930625 122.04378751452363 0.13197525527596315 0.08611402913651173 0.4003575770954661 0.5 25.725 0.9833130675726672
440 183.395625 94.17637085278722 0.14591471276224788 0.07473063552466006 0.41025204426374745 0.021739130434782608 0.6 0.988963423127783
441 195.728125 54.617707334919835 0.19046155055218936 0.05310667391323396 0.49232957927314047 0.3333333333333333 2.0 0.9931070172015345
442 201.752875 16.625361164579715 0.23164044251023672 0.01798646763541474 0.2637783099254188 1.0 0.0 0.9961205401642629
443 191.733 65.23415966188318 0.16739332227872225 0.056927103523128464 0.5617252978046938 0.2 52.0 0.9923536364608524
444 194.746875 64.71608402284704 0.18707348346452563 0.06216498584275942 0.46380524670647694 0.3333333333333333 1.875 0.9923536364608524
445 164.192375 105.1462471778891 0.1490847205088577 0.09525130434633691 0.3448512831091427 0.3333333333333333 0.425 0.9825596868319851
446 191.772625 62.43125330191719 0.17451030174282842 0.05663274214698475 0.4097332648084849 0.5 0.2 0.9903576284768204
447 185.784375 91.95913430054365 0.1918039077169193 0.09492140706427771 0.5762344107509325 0.014925373134328358 76.925 0.9855732097947135
448 187.681875 48.20809147284004 0.19831978050557858 0.05086567618070842 0.5198579313904329 0.3333333333333333 26.975 0.9874566616464188
449 201.81225 11.440497476240527 0.23609028372355223 0.013687516261145637 0.2385579903728768 1.0 0.0 0.9960079840319361
450 189.75875 112.43083901716365 0.18182989360726726 0.10772427379544412 0.5086850186256993 0.5 0.5 0.989340113498124
451 194.75 66.88502271765842 0.1572948276999859 0.054020842267506426 0.5529227888911841 1.0 0.9 0.9916002557201703
452 193.595625 34.517364172814005 0.20997790417132547 0.03739677191608662 0.6087188265554836 0.2 2.025 0.9949904690532397
453 196.7485 65.01870690132453 0.17179275245002978 0.05673297570963359 0.5637560575045537 0.25 1.75 0.9919769460905113
454 166.00625 143.03021797257912 0.13414660713969773 0.11554845530193276 0.22627727803546668 1.0 0.2 0.9821829964616441
455 214.4375 1.092314615280316 0.24875869354584212 0.0012761507346031001 0.25 0.5 1.0 0.998003992015968
456 189.257625 58.664304466144095 0.17193421578842663 0.0532310659395785 0.5835011534274441 0.25 27.075 0.9897168038684651
457 202.397625 28.026549704077382 0.2181434992305418 0.028124708020076356 0.229044205587316 0.3333333333333333 25.575 0.9690033432874636
458 167.947375 117.78864777733077 0.1422707257110545 0.09963692664980427 0.45014937558648993 1.0 1.45 0.9757057260068805
459 214.5625 1.9422995236773655 0.24832451300830974 0.0022639376000603948 0.25 0.5 1.0 0.998003992015968
460 184.075 58.982034833990966 0.16933362666022653 0.054228109773822725 0.5884976909771976 0.25 26.775 0.9823735965406927
461 179.956875 91.19801942547073 0.16553312284346136 0.08362082413286913 0.4342274280547121 1.0 76.275 0.9851965194243725
462 201.43625 15.867072543065941 0.23224835529342752 0.0175773589786986 0.2608385991464249 1.0 0.0 0.997250611275286
463 193.9075 8.673085577552856 0.23658375596400338 0.010600266872519984 0.3192190138981964 1.0 0.0 0.9929944610692077
464 169.445 125.07655217727942 0.14150590303461247 0.10433650329728664 0.3711330822897468 0.2 1.275 0.9777017339909125
465 182.613125 70.82860407007308 0.1557915577949373 0.060558295221353205 0.3193239340547735 0.5 25.675 0.988963423127783
466 218.4375 0.29284735751768554 0.24964043899508342 0.0003369967073877831 0.25 0.5 1.0 0.998003992015968
467 189.699625 84.31823276840342 0.15465100748498797 0.0684655572948345 0.454041988336881 1.0 0.15 0.9873441055140921
468 194.091125 62.27732521594433 0.17269131005652025 0.055425610179316354 0.5034894823969738 0.5 25.45 0.9786066928372822
469 192.781 57.231286518708046 0.17736221237111102 0.05261890732985918 0.6123015155340222 0.25 1.75 0.9763855725885969
470 190.439625 57.950052863096346 0.18982129717193413 0.0577238776144635 0.5117251488415213 0.3333333333333333 26.95 0.9878333520167598
471 205.270375 44.7691318994594 0.20332167873708487 0.0443573176444599 0.6289300218335246 0.2 2.05 0.9858763660060889
472 164.67625 132.19162957121202 0.1368388485470225 0.1098242263310649 0.33294263708970456 0.3333333333333333 0.475 0.9825596868319851
473 192.67625 59.159053956911315 0.1739534619989078 0.05335037164346767 0.5679086538499084 0.25 51.75 0.9938603979422166
474 187.4585 21.501640858843896 0.22303817660667893 0.02586931950732471 0.2991645046436336 1.0 0.05 0.98501042913308
475 217.375 0.5553339880308964 0.2492783278340476 0.0006412772586891433 0.25 0.5 1.0 0.998003992015968
476 190.321875 65.94398156732532 0.1809320151910008 0.06234969002271641 0.32727145310455624 0.5 0.5 0.9919769460905113
477 201.00125 66.70725712522484 0.18638164546396985 0.061854467025390714 0.4613314240769158 0.3333333333333333 1.975 0.9923536364608524
478 169.605625 146.8072825663068 0.13279108712428617 0.11487299406740809 0.2878539351141239 1.0 0.475 0.9757057260068805
479 174.3745 78.6298707265147 0.15192178157664796 0.06833084522222052 0.5124674483442486 0.5 76.025 0.9851965194243725
480 169.236625 131.46311528209804 0.13564568161519952 0.1052847638564983 0.28567958623846124 1.0 0.2 0.9809403692182943
481 190.905 17.51366736187885 0.22440281022155256 0.01989291586164527 0.24110293332914093 1.0 0.2 0.9953671594235808
482 170.85875 155.04749672201973 0.12102322723244803 0.10980115159442068 0.3190063117233163 0.5 0.2 0.9821829964616441
483 189.213125 59.337613264461574 0.17166331870669108 0.05375697383397479 0.5660931069868493 0.25 1.85 0.9851229852654068
484 186.55875 68.07999854691028 0.1600740163377775 0.058411085042723195 0.5185736665353164 0.5 0.5 0.9882490643604618
485 171.9615 145.5859821224953 0.134556066688717 0.11387286272662733 0.2416054251389992 1.0 0.7 0.9796977419749444
486 196.69575 50.77888280427938 0.19254444522675204 0.049669955503706766 0.6307974649507517 0.3333333333333333 26.775 0.9867032809057367
487 198.36125 65.20223002895752 0.1872343842062531 0.06153355677799742 0.45856941922859645 1.0 0.3 0.9927303268311934
488 192.813125 25.698860173561442 0.22073389871188284 0.029294346779864696 0.6218848175717089 0.2 2.1 0.9942370883125576
489 193.673125 56.30677023966612 0.19152956281778916 0.05591829446677883 0.6105861561459641 0.3333333333333333 1.425 0.9698302581871114
490 195.005 41.5612138316114 0.19711930128295324 0.04200439153212772 0.6239460293811538 0.25 0.875 0.9854996756357478
491 167.871625 149.01406309341004 0.12804786427380963 0.113605740058712 0.2827071296943969 0.3333333333333333 0.375 0.9697177020547848
492 191.354625 63.1652745397285 0.17055673270743882 0.05629704274308055 0.6868405997604032 0.25 77.175 0.9723155126738109
493 173.43375 118.01077311974942 0.14875010256226953 0.10112088301846274 0.3745410948155257 1.0 0.5 0.9840664483133493
494 192.012 69.05097112575643 0.18318514506652922 0.06601036149148685 0.6286001526233495 0.5 1.025 0.9681719186000597
495 212.25 2.2312511450700447 0.24555759177693134 0.0025999093096339123 0.5 0.25 1.5 0.998003992015968
496 194.3905 62.150892691503046 0.1872241857854091 0.059844013398054216 0.4776443845780074 0.3333333333333333 2.0 0.9839929141543836
497 183.32425 106.760687449938 0.13618308607598612 0.07926332075742008 0.4313704420086135 0.5 0.9 0.9859499001650546
498 168.681875 119.18344160356688 0.14612939537336175 0.1030739094930646 0.3065019471981004 1.0 0.475 0.9724670907794988
499 190.267125 60.938336864268244 0.18848016023436953 0.060362533223089175 0.5220027767723358 0.3333333333333333 27.1 0.9722419785148454
500 186.289125 61.39687026855284 0.17254077545168037 0.056949516208998074 0.5107022301957648 1.0 50.725 0.9802260104509731
501 187.138125 26.075798639096067 0.2143279276556121 0.030102493850964026 0.4926009941062272 1.0 1.55 0.995254603291254
502 167.955875 119.0444808004463 0.14490781972889322 0.10261262595473676 0.3705633987019079 0.3333333333333333 0.5 0.9813170595886354
503 202.2615 11.016118418371923 0.2355316141291268 0.012309790121199168 0.2919553299441343 1.0 0.0 0.9941245321802309
504 190.541 58.804895005832606 0.19037770961413178 0.05874697439872532 0.5270868048229783 0.3333333333333333 2.025 0.9657647080600819
505 208.0 1.9062517525553049 0.2478985865595484 0.002289106345505993 0.5 0.25 1.5 0.998003992015968
506 212.4375 1.2333614841540461 0.24874689736983543 0.001454632622327277 0.25 0.5 1.0 0.998003992015968
507 192.357625 58.531300032682836 0.18990366239693027 0.05780764465483613 0.5401091355996746 0.2 101.95 0.9916002557201703
508 166.1725 133.31354079047364 0.13619447126753897 0.10920192278651797 0.29421529244001987 1.0 0.2 0.9769483532502304
509 178.7975 36.479074577160205 0.18730461696994685 0.038172561492968854 0.5163983844970316 1.0 1.35 0.9941245321802309
510 190.3335 59.529107526949154 0.18911882021094584 0.05910736673161782 0.47855495969338757 0.3333333333333333 2.025 0.9843696045247247
511 171.691875 167.65248089128877 0.12635811987539364 0.12336427989479387 0.19942543894785417 0.5 0.4 0.98067623498028
512 195.38375 58.834825569022506 0.18940460161049283 0.056995602208426886 0.4721342710771637 0.3333333333333333 2.0 0.9923536364608524
513 168.24725 118.56744568701444 0.14569679402909522 0.10256707751781471 0.4215811693912264 1.0 0.55 0.9818063060913031
514 196.726875 5.479850921868062 0.24133784435337174 0.00676897682824116 0.653765673047737 0.3333333333333333 2.0 0.9956312936615951
515 183.064125 80.28817285356182 0.14245272548311727 0.062336582698467896 0.5484602800945975 0.3333333333333333 51.5 0.9878333520167598
516 183.784 9.11385401520783 0.23586403910680814 0.011811539278667795 0.31551005304817226 1.0 0.375 0.9898683819741527
517 198.084 72.5190347790824 0.16418117987924255 0.060120258951985625 0.5597560575045537 0.25 26.75 0.9904701846091472
518 193.585875 57.960024852235655 0.1918940376204639 0.057434760783641285 0.5088587504008041 0.007194244604316547 52.0 0.9882100423871009
519 182.20375 90.84798990025895 0.1866689286115659 0.09305993176359595 0.5695609612823007 0.3333333333333333 51.7 0.9900934942388061
520 208.6875 2.065403616161045 0.24743645593900915 0.0024672642245353966 0.6462348620485163 0.16666666666666666 2.5 0.998003992015968
521 178.518 64.02847703777609 0.17574764990834232 0.06262246167457339 0.5023058477054941 0.5 101.3 0.9859499001650546
522 191.489375 105.91892692240057 0.12781735928967708 0.0706958991274484 0.5155630638465034 1.0 0.475 0.9900934942388061
523 186.156875 120.73223291202193 0.1304659685654345 0.08457105729837909 0.3767994315164825 0.5 0.65 0.988963423127783
524 199.110125 25.87336455505935 0.21840860206262425 0.026531948174483896 0.2157232618399753 1.0 0.0 0.993258595307222
525 175.337375 131.6189270304959 0.14295141200287473 0.10728351739841913 0.3702086037563634 1.0 0.2 0.9808278130859676
526 212.125 5.004279445346987 0.24406126937664482 0.005798892161455983 0.25 0.5 1.0 0.998003992015968
527 178.738875 110.72862439031297 0.13077373898123884 0.08093858328621409 0.4147007475692128 0.5 75.925 0.9799228542395979
528 184.66475 65.56441378159987 0.19777851806940527 0.07033224523316521 0.5728947245631336 0.3333333333333333 1.2 0.9827502869110337
529 199.26575 63.38165737387591 0.18757319096203 0.05965702514212495 0.48800646654268676 0.14285714285714285 76.95 0.9859889221384155
530 188.49775 39.50579557302622 0.20144565255804792 0.042212549400082115 0.64376424799056 0.2 27.0 0.9787582709429699
531 189.965625 50.70887702122559 0.18413776646538518 0.049333335042483266 0.5957750839838492 1.0 1.575 0.9961205401642629
532 188.465 55.49074311391378 0.17844133161218298 0.052442854531131726 0.5724309472640374 0.25 52.05 0.9760088822182559
533 206.5 2.65642068716499 0.24673964691654046 0.003198287542506469 0.6462348620485163 0.16666666666666666 2.5 0.998003992015968
534 185.707875 26.08009260649731 0.2192359395815353 0.028568594281884244 0.32795338468039825 1.0 0.375 0.9863265905353956
535 192.27875 64.92898777137312 0.18608444527453244 0.06284341458999365 0.5182314737253552 0.3333333333333333 27.075 0.9709993512714955
536 183.526625 113.42458835810206 0.13344890492828018 0.08247155264276634 0.4707425655549856 0.5 25.675 0.9787927831285748
537 201.957125 43.13519958439305 0.20549750334485214 0.04390855949321555 0.6150056103962465 0.2 2.0 0.9942370883125576
538 195.88625 65.59096286382695 0.18564385851662815 0.06216278317643865 0.47766276335588165 0.3333333333333333 51.925 0.9839929141543836
539 206.625 3.9678685183781295 0.24196273652822828 0.004681219822751206 0.5 0.25 2.0 0.998003992015968
540 187.066 78.91671721461351 0.16200845845352815 0.06846123354126885 0.46374665814799415 1.0 0.35 0.9823735965406927
541 204.7745 39.95712254936222 0.2080084041641501 0.04058914772782655 0.6398726432396046 0.14285714285714285 52.075 0.9891150012334706
542 189.84175 6.6499596384552095 0.23900791806289085 0.008636580816813325 0.5401679872113248 0.3333333333333333 1.55 0.9922410803285256
543 172.824 73.66653457537925 0.19791143742121511 0.08447767390093507 0.7043631665878534 0.3333333333333333 76.95 0.9459516965376941
544 198.44875 68.49576789415208 0.16510955901287094 0.05696730060366177 0.5604878956896532 1.0 1.2 0.9934837075718755
545 166.93075 177.33249598615615 0.11792517083430265 0.12527210711370682 0.2104561503991116 1.0 0.0 0.978680226996248
546 212.25 3.0811966657088723 0.24406469213091234 0.0035683611348660414 0.25 0.5 1.0 0.998003992015968
547 172.983625 145.24854671394988 0.13542056331336733 0.11370711015299934 0.38544455621316487 1.0 0.15 0.9718262661711434
548 218.0625 0.5925971987826372 0.24935234019115018 0.0006823135795350928 0.25 0.5 1.0 0.998003992015968
549 193.575375 76.61460785756205 0.1556359161262884 0.06150169914094488 0.5872509708368105 1.0 126.05 0.9861014782707422
550 169.4 124.86862672447646 0.1431686814218079 0.1054978485060355 0.4045973160841823 1.0 0.75 0.9836897579430083
551 193.308625 36.030034811377924 0.21001832482870855 0.039135881208115654 0.6384850633811718 0.2 52.05 0.9911110092175025
552 186.038125 115.77319823505162 0.13116112998402735 0.08152530914505085 0.3584537543724196 0.5 25.625 0.988963423127783
553 184.000875 122.87545441679472 0.12818683026730565 0.0855736654167167 0.4084827807850705 0.5 0.95 0.98659072477341
554 193.650375 30.969196094779043 0.21079435647853403 0.033465053163913024 0.6403045270153005 0.25 1.575 0.9912235653498292
555 162.123625 118.35240417994468 0.13368425097984396 0.09748600047272092 0.4706384866909412 0.5 0.55 0.9632749437856261
556 162.42875 135.25225924016988 0.13621945207612346 0.11336255997096262 0.23005649799287908 0.3333333333333333 0.0 0.9818063060913031
557 171.16225 122.382439392318 0.13783818208196288 0.09844823859975985 0.34119676334102866 1.0 0.95 0.9773250436205715
558 192.729375 30.82840043366788 0.20634359254362794 0.03159475448692974 0.10316197732651053 1.0 0.0 0.997250611275286
559 194.675 107.69579141367448 0.12768585448061626 0.07064208184201884 0.5101633040697583 0.3333333333333333 51.5 0.9904701846091472
560 188.01575 131.22798885268682 0.1306009122894403 0.09115243844439226 0.40613470012132125 0.5 0.675 0.9848198290540314
561 202.1065 12.801227099153799 0.23391889955632983 0.014667279369068174 0.2722768663366614 1.0 0.0 0.9964972305346039
562 190.765625 63.49835005244115 0.17018128678870942 0.05658973681897895 0.5406953322634181 0.25 1.675 0.9931070172015345
563 188.12825 94.30686685989184 0.13412178081363732 0.06717787047046406 0.5236552587406075 0.3333333333333333 51.525 0.9789833832076232
564 194.995125 13.630141792644736 0.23413655934217065 0.016121671413148058 0.3229458245121881 0.5 0.225 0.9933711514395488
565 202.86825 12.907057463385597 0.23428686020152112 0.014399302911505998 0.26045456080850626 1.0 0.25 0.994877912920913
566 203.965625 32.242319657472756 0.2051591068413006 0.03178656044552426 0.3323852625125078 1.0 0.025 0.9946137786828987
567 189.996875 57.11988931113381 0.18361053728430812 0.05516527862237349 0.4660921351000726 0.5 0.35 0.9912235653498292
568 181.310125 110.86755139833264 0.1308746376124729 0.08002825334786655 0.4947907772216801 0.5 101.45 0.9851965194243725
569 184.857125 81.49774674520671 0.17241682727495056 0.0760425145461156 0.5094301926947707 0.5 0.5 0.9777407559642735
570 189.590375 69.16098113795472 0.16897071632058436 0.06154477510827309 0.5435748378815213 1.0 0.7 0.9835772018106816
571 209.093125 18.87250185799428 0.2247401179898983 0.020367260596659588 0.25594581187256665 1.0 0.0 0.996873920904945
572 193.504125 80.34572474750047 0.1819127358342223 0.07517775092399351 0.46318304633992013 0.3333333333333333 25.625 0.9897168038684651
573 171.096375 47.577578565265064 0.1744993764537042 0.04796287652455348 0.48798533010256057 1.0 0.65 0.9544639969498504
574 186.13125 42.94806873123369 0.20461602409375573 0.04524389418329231 0.14017587945654286 1.0 0.15 0.9897168038684651
575 196.2715 63.91903449808818 0.1766066561376767 0.05751000442520739 0.45584652843058504 1.0 0.55 0.9907343188471615
576 198.245625 39.11654176147006 0.2027817171202716 0.04003386065860572 0.6063529573301014 1.0 0.875 0.9957438497939218
577 195.193875 65.60658518919416 0.18611815525064468 0.06256215163605426 0.48014839375029356 0.3333333333333333 2.0 0.9841054702867102
578 178.145 32.69434846351541 0.2020807428310589 0.035734599368490196 0.2181429888818841 1.0 0.0 0.997627301645627
579 194.737 69.49967172840793 0.16577910454378839 0.05914839960530715 0.5812747110498754 0.25 26.875 0.9908468749794882
580 179.259375 59.485227135483306 0.17149662999790846 0.056721759941506945 0.5562528167704659 0.16666666666666666 51.725 0.9780394023878927
581 176.280625 92.00194535182536 0.14316908921748786 0.07466842131777486 0.526403408938918 0.5 25.675 0.9829363772023262
582 202.594875 11.985572328344997 0.23395541717744123 0.012758626953362839 0.46682203207535966 0.5 0.5 0.9925052145665401
583 188.098625 55.74503246498805 0.18912244940427575 0.05603240846459315 0.5089361593904919 0.5 0.475 0.9708867951391689
584 186.360625 135.9545257847191 0.12439398349834234 0.09071269066105041 0.32137719818571264 0.5 25.6 0.9885867327574419
585 170.183625 144.08972345818293 0.12695799324412393 0.10744528236833951 0.32806643299396615 0.09090909090909091 0.275 0.9778142901232392
586 199.98625 36.83570734986237 0.2087105375417979 0.0384140710594191 0.611336643922462 0.2 2.25 0.9946137786828987
587 191.375 19.09141184801742 0.2245594386119863 0.022633616783211578 0.0 1.0 0.0 0.998003992015968
588 175.000875 111.26127451489437 0.14249046237744323 0.09047443890267809 0.44134485756059577 1.0 0.1 0.9789443612342623
589 201.839875 8.708345045452344 0.23784030426269703 0.010455497654876458 0.2866365857954254 1.0 0.0 0.994877912920913
590 180.3125 53.72275605319196 0.19080687830687834 0.056849477304965035 0.0 1.0 0.0 0.998003992015968
591 209.9375 1.6835621993785082 0.24681704268709398 0.001993937344834966 0.25 0.5 1.0 0.998003992015968
592 207.0 5.591215208850678 0.24020948913872797 0.006536221281189475 0.25 0.5 1.0 0.998003992015968
593 186.89 116.72217367884694 0.1348323558170547 0.0841222133965399 0.41978584617940917 0.5 50.75 0.9814296157209621
594 181.85425 111.72494754740899 0.1343570632876088 0.08249102013010429 0.4113312016470203 0.5 0.5 0.9855732097947135
595 197.494375 41.696839631268986 0.20228324067614858 0.04272397580331109 0.6604653489413258 0.2 77.025 0.9877207958844331
596 211.625 7.88466568990372 0.23945956849545819 0.008984624717907124 0.25 0.5 1.0 0.998003992015968
597 210.454125 8.488836928457584 0.23980675075117874 0.009298293440512504 0.2734673999620278 1.0 0.0 0.994877912920913
598 197.423125 7.398323271190295 0.24003044924866976 0.008853367551558853 0.5154033123923012 0.3333333333333333 0.8 0.9937478418098898
599 191.398125 33.51592245344061 0.20617083818900567 0.03606846837193967 0.6437456317433149 0.2 52.075 0.9916002557201703
600 187.486875 118.7108064982055 0.13162936845496456 0.0833041342399325 0.4002339313179895 0.020833333333333332 50.85 0.9897168038684651
