0 184.0625 27.41903579331363 0.204592656260148 0.030493422316084866 0.5804820237218405 0.2 1.95 0.9163658669886212
1 211.75 70.29292527015996 0.1873885677642584 0.06220397821568671 0.39623918152056026 0.3333333333333333 2.0 0.9859029126016018
2 186.22575 153.61145399218668 0.13023821788502063 0.10727363766221684 0.17330831697843313 1.0 0.275 0.9394595857731576
3 218.6875 0.2613462843970035 0.24978436339705007 0.00030056439979177067 0.25 0.5 0.975 0.9993116223133025
4 211.375 5.308626227998254 0.2406827585868986 0.006087597094767427 0.25 0.5 1.0 0.9901165932461353
5 200.705 120.79371854700614 0.16763107942475716 0.10086957011094609 0.43990647584537146 0.5 0.2 0.9772358148799084
6 215.125 0.9575508782719874 0.2491252974793539 0.001116762889161837 0.25 0.5 1.0 0.9917112865390922
7 179.6455 38.21915586512654 0.19483161982643105 0.04157644007728995 0.17753751763166079 0.16666666666666666 27.4 0.9389996531464359
8 169.13125 25.91608950503704 0.1995047406978557 0.030313129900915982 0.702286245692842 0.125 2.775 0.860136834598976
9 204.538625 74.60558014971481 0.17271452493472328 0.06255021174457782 0.27150237557684154 0.5 25.75 0.9742189030290139
10 198.75 16.593824143870318 0.22594622160360656 0.019006883491269385 0.25 0.5 26.175 0.964465503121306
11 192.23125 112.05264639282944 0.15320192892348497 0.08875309498327195 0.1247687563479794 1.0 76.25 0.9584771426040583
12 201.982375 78.93076145929244 0.16852992009675488 0.06600630836643313 0.33483011865402507 0.5 0.6 0.9685037137351397
13 205.125 4.863271753509595 0.24298756667809118 0.005804843973516973 0.25 0.5 1.475 0.9687964251970469
14 162.249625 12.023622802249324 0.22214336962022138 0.016628621037520587 0.7924668135897446 0.1111111111111111 102.7 0.8088902797692421
15 216.0 2.7577956141086344 0.24584545828669657 0.00316065570084953 0.25 0.5 1.125 0.9913438015348396
16 196.1285 182.08935053927016 0.12873298145513462 0.1195062747751403 0.13366542434272444 1.0 0.0 0.9831373734610134
17 189.64875 201.18933711992594 0.1212617624554525 0.12865777430969064 0.06774248153789947 1.0 0.05 0.9897859304444211
18 198.795625 133.63094411877873 0.12786168592570565 0.08576798574518406 0.05620685778499007 1.0 0.0 0.9747836565770293
19 205.32925 68.89520588870333 0.18657112728955821 0.06260271256081457 0.41387026118324943 0.3333333333333333 2.0 0.9691650393385633
20 187.762 180.64147290739436 0.1258635869716493 0.12107129671742951 0.1552430687138813 1.0 0.05 0.9583850870977044
21 188.768375 84.7244043958109 0.15483413731619844 0.06902355053172061 0.22449771907823685 1.0 0.95 0.9120514898557327
22 198.4375 38.25083090524075 0.19821493612062466 0.03789031166255129 0.5 0.25 27.175 0.9585259932003951
23 180.02475 33.84050686159451 0.20997466706412465 0.03945730483647039 0.6579570658274387 0.16666666666666666 2.5 0.9332551534947503
24 193.013625 27.137777369214934 0.2099535629747282 0.02908044938239781 0.5084026930947882 0.25 1.925 0.9494068668128376
25 201.570625 189.64615247837088 0.12677522968862828 0.11926388543881469 0.14793730651312698 1.0 0.45 0.9937471092413817
26 188.310625 168.09580073765156 0.12915177953625373 0.11525287782100206 0.18235279385825334 1.0 0.25 0.9467683392227241
27 194.8415 171.03561691481013 0.13095360887453633 0.11485635232404885 0.1106901512119295 1.0 75.225 0.9675128544672664
28 204.9375 14.780381068678466 0.22479991937993576 0.01632731449775262 0.25 0.5 1.15 0.9772910481837207
29 209.693625 64.0815327592448 0.19099670721272316 0.058339801983563255 0.4382796921745014 0.3333333333333333 2.275 0.9801693122064562
30 177.167125 57.617026030079536 0.19644917417629187 0.06338675805601057 0.43452923014500977 0.3333333333333333 52.05 0.8773594342974845
31 213.223125 45.43181853654001 0.20585196311214876 0.043943822369144715 0.26190646331738127 1.0 0.0 0.9915887915376745
32 162.587125 26.400565063235476 0.2046467891185171 0.03324191449133765 0.5042013465473941 0.25 2.55 0.8687126138354693
33 178.39375 15.114125924193646 0.2300379186475446 0.018821285262146305 0.5804820237218405 0.2 1.75 0.9084153281741547
34 187.59375 49.9895261862129 0.19624408720675138 0.05217775227391946 0.4006502171403489 0.3333333333333333 1.85 0.9109467765684465
35 199.7265 121.46521493214944 0.1347227710265567 0.08183260594112493 0.30851168151178476 0.5 25.575 0.9715108554667669
36 153.96425 27.656865472739142 0.20222146392135762 0.03643693940632141 0.7018300800400871 0.14285714285714285 2.7 0.7802429471693141
37 189.406375 117.2211026027195 0.13475523061516698 0.08330584643638798 0.33750924638735547 0.5 50.825 0.9300413652162189
38 189.004125 135.83167884521274 0.139531774643551 0.09999111738852254 0.16054479755056816 1.0 0.8 0.9254027079890934
39 148.86575 38.297136900369615 0.18055792877996918 0.046725411365512455 0.805168753742676 0.1111111111111111 3.35 0.8036030623536382
40 196.7755 136.25086194928318 0.12753900840413654 0.08830388285590778 0.358249124340571 0.5 0.775 0.9594713892837224
41 198.56125 190.41857863896178 0.12729430377658355 0.12206074315131127 0.09318043327935219 1.0 0.65 0.9888341516536189
42 211.1875 69.57705667114706 0.18677625292908917 0.06152936803479149 0.39623918152056026 0.3333333333333333 2.0 0.9808110975713464
43 196.923125 72.18356139327868 0.16671007545900665 0.060077306316695514 0.05315870602970063 1.0 50.825 0.966840629607307
44 156.7465 19.02106575068383 0.20888224755924342 0.02556728712235089 0.7115677624396614 0.14285714285714285 2.65 0.822805122313353
45 209.23125 67.06033163078173 0.18484377979775332 0.05923154606200681 0.4574885160889312 0.3333333333333333 1.8 0.9817910575826869
46 198.25375 148.95464709682423 0.14032416184593585 0.10518205582185343 0.11534517324398309 1.0 0.3 0.971652890706719
47 180.66625 64.0880540946804 0.18459893249986306 0.06441703618474898 0.08542780024287705 1.0 26.3 0.9073801348590115
48 164.27375 23.514845562229596 0.20805861521917798 0.029142861278096538 0.4138746330131674 0.3333333333333333 101.65 0.8725685795950098
49 169.059125 59.76541072577414 0.16367016153771038 0.05712867398645081 0.329789322596112 0.5 101.45 0.860347260673809
50 203.4375 10.659817095226586 0.2306552286681395 0.012174861942235611 0.25 0.5 1.1 0.9601793072089556
51 194.875 106.92966529219676 0.13576920663763206 0.0743028248871576 0.25 0.5 0.45 0.9689437140072094
52 195.11125 66.3608543302737 0.1761910991522833 0.05995114890522075 0.40505690726686383 0.3333333333333333 2.0 0.9593736880910506
53 194.302 172.8323769094355 0.13219131602206938 0.1175521828791456 0.24605624933412326 1.0 0.0 0.9659670117706447
54 194.01625 181.5027103803604 0.12904515919023657 0.12067412147813998 0.13488470529159807 1.0 100.35 0.972521254973173
55 185.0 33.64527166771004 0.19531881227490017 0.03515123200005911 0.5 0.25 26.875 0.9065335691056217
56 188.977625 168.81741487895675 0.13127842422717775 0.11720583875329937 0.1535401613365134 1.0 0.85 0.9546223059817681
57 199.824875 45.96573410983323 0.2029948491016387 0.04622022106263036 0.261185716656452 1.0 25.325 0.9493538917835552
58 178.543875 40.75026258029467 0.20243320008364918 0.04624718891680588 0.6501393662600723 0.16666666666666666 2.5 0.8408419821117685
59 165.515625 31.836503708185845 0.20687490512952433 0.04015761265277246 0.6277503817839409 0.1111111111111111 28.0 0.8738705614260622
60 179.864375 128.40091649803813 0.14582518624704613 0.10370651743415739 0.10720428070219756 1.0 100.5 0.9127830724524447
61 199.2525 135.12204582477688 0.14568999970561325 0.09840912535460095 0.08379232821947732 1.0 0.925 0.9731141897417269
62 209.125 4.084454745835064 0.2444076657856126 0.004808765478368487 0.25 0.5 26.275 0.9722773941076036
63 196.632875 70.26600582223985 0.16115074076698516 0.05705739928065562 0.3080155072160575 0.5 51.95 0.9643516491018909
64 214.734375 70.78784411884008 0.18762231712160338 0.06184162739236337 0.4006502171403489 0.3333333333333333 2.0 0.9929655469110695
65 196.236 114.72878906662363 0.1852544428211136 0.10829958159099329 0.45814055479204374 0.3333333333333333 1.5 0.9664765320148506
66 155.2925 20.50971025982881 0.20378777484779426 0.026936777241136654 0.6967511747868832 0.25 2.65 0.8433467233278029
67 195.297125 102.22583250876424 0.140908805220687 0.0742482002732536 0.4572130666966589 0.5 0.75 0.9569899206230411
68 200.6095 130.6563662260071 0.12945139159567812 0.08426837724859587 0.33750924638735535 0.5 0.5 0.9744627638945841
69 198.509375 155.79252520744083 0.13109964165685295 0.10274132662671549 0.2390466100127389 1.0 0.3 0.9632146301611205
70 203.6885 144.11944989285385 0.12656562090771512 0.0895511135701816 0.32379232821947723 0.5 0.5 0.9847613771117737
71 193.21375 103.33489968871253 0.1379709088490817 0.07359956449189496 0.3214367479822736 0.5 25.7 0.9209538074609926
72 193.473125 181.52525380488353 0.1286994186564533 0.12073054785046597 0.19406178727837498 1.0 0.0 0.9696538902069672
73 189.0615 157.08421964639442 0.13389891994974681 0.11107582869523082 0.09655703691748109 1.0 0.425 0.9413751717485592
74 186.110625 166.2477120713305 0.12974754386931245 0.11583602985731917 0.1678411508153099 1.0 0.5 0.9421285528583349
75 200.292875 111.0525230620006 0.1393250522186463 0.07729816986206763 0.3008612294749414 1.0 0.025 0.9776119408661598
76 187.794 111.94345977062464 0.1458317888036446 0.08758950393165864 0.4559915309313093 0.3333333333333333 0.35 0.9570244845510496
77 193.58025 63.53047523379037 0.18842063824524014 0.0618329833659847 0.4226836414362793 0.3333333333333333 101.9 0.935839969034443
78 217.75 0.7254653799809861 0.24942334113457698 0.000836774463182472 0.25 0.5 1.0 0.9986514258471425
79 188.12475 182.61941851151113 0.12531956005268727 0.12165433191011144 0.1800437062142113 1.0 0.0 0.9527382886387015
80 188.158125 87.88741626446826 0.16697657842842034 0.07762839364546005 0.32851564311516 0.0049504950495049506 25.75 0.9447670804484471
81 203.187125 135.92255819360503 0.12986870970567446 0.08687626842016231 0.3723131660286477 0.5 100.725 0.9760954085273451
82 182.05225 48.54054528718472 0.18014310977844708 0.04689582024183896 0.0729488364918247 1.0 1.1 0.9305072884342952
83 196.165875 66.65500327304277 0.19875872124636368 0.0677672016325941 0.40505690726686383 0.3333333333333333 1.05 0.9537941513296536
84 192.99475 124.77739142213782 0.130074551362869 0.08404680029045579 0.3427774951169237 1.0 0.15 0.9495034388682451
85 193.1245 54.13180013190841 0.17687729347856276 0.049459712528614024 0.5126040396421825 0.25 1.875 0.9395636696733064
86 190.025625 124.94190987151012 0.1302758017514305 0.08559372798350284 0.29989314067423567 0.5 0.775 0.9364069808569867
87 190.75 19.55669116971641 0.21530479753638224 0.022246676719905843 0.25 0.5 1.1 0.9403256917650853
88 196.93525 174.74085137255824 0.12990750777172153 0.11523774064799923 0.1903442607881462 1.0 100.25 0.9759717843886627
89 210.631 24.287895578429122 0.2243206706020748 0.02514585516253871 0.2666028233083442 1.0 0.0 0.9892688983554796
90 199.9375 52.54418941375386 0.19191652238257295 0.05033289498471171 0.39623918152056026 0.3333333333333333 2.05 0.9514092547243805
91 194.803 183.48126303859567 0.12682367686193227 0.11943293180881033 0.14474093297992516 1.0 0.3 0.9692495830001748
92 173.783 36.938866603077656 0.21029824734896843 0.044815431351933284 0.3729538317887302 0.5 0.05 0.8513333473236557
93 187.041625 48.173275593683066 0.18296817671984686 0.0461809568453586 0.29396977610989206 0.003048780487804878 1.65 0.9224117190842076
94 197.15625 59.53552319162206 0.16783200163387813 0.050193594477507444 0.36390379177011334 1.0 1.4 0.9389632230600141
95 197.6145 63.864431410587926 0.17678002756564393 0.05712290679843031 0.40505690726686383 0.3333333333333333 1.675 0.954679797560114
96 198.583125 177.69242972411595 0.1303671370903963 0.11662790061178341 0.20049327092544328 1.0 0.5 0.977292177320984
97 195.868125 174.80792799646701 0.1311033856672895 0.11691528118459465 0.09953187425781113 1.0 0.025 0.9719358320493575
98 205.285625 141.9481129838111 0.12757518241102314 0.0882111829315981 0.3439961272178669 0.5 25.6 0.9898054706829567
99 213.8125 2.406046521620598 0.24673138277893059 0.002796247144982489 0.25 0.5 1.0 0.991041319953665
100 175.253625 17.92134222190095 0.221899222795831 0.022792550903677572 0.23594319884284362 1.0 1.5 0.9044443792579353
101 194.351375 176.36934860979596 0.12957080778676958 0.11751811644417373 0.0967943711679805 1.0 0.6 0.9692864052027155
102 213.2545 68.72626648530918 0.18823605301275947 0.060651517174256986 0.4138746330131674 0.3333333333333333 1.95 0.9921167228831494
103 196.315625 41.3377339048469 0.19612964654475673 0.0411107870535064 0.4050612527601375 0.3333333333333333 2.05 0.9589400705264556
104 186.341875 103.90181300578908 0.1403699456481998 0.0780663090346234 0.3055057322117306 0.5 0.825 0.9187357399044157
105 193.784625 119.6305386224867 0.1291297639454592 0.07962242917782623 0.2968334294452776 0.5 1.05 0.9522558204777715
106 201.723625 117.75345676732552 0.1831137673993451 0.1068901162041832 0.4616477209015697 0.3333333333333333 1.5 0.9820826399073284
107 193.699125 129.00212050872975 0.1305521009257477 0.08689781289654733 0.3146281231863402 0.5 0.85 0.9508238318005645
108 188.138375 175.71090285116713 0.12573618557970462 0.11737312033571583 0.08993571807983952 1.0 0.3 0.9498806939917626
109 211.5 2.0445803010240553 0.2464784815248757 0.0023999988862207166 0.25 0.5 1.0 0.979839778542009
110 188.919125 138.6066716556825 0.1369704016139596 0.10017694776986719 0.09562334046508109 1.0 0.3 0.9388850621058753
111 177.46775 23.264151354504282 0.2128397326513834 0.027980046651059024 0.6598634916765677 0.16666666666666666 2.25 0.8599440826042765
112 157.7845 33.675253860514246 0.18848429017054386 0.04035468708694243 0.7367835322813349 0.16666666666666666 27.025 0.794700007727228
113 217.9375 1.1624457826230177 0.24792396755838836 0.0013314775330201794 0.25 0.5 1.0 0.9985571120662625
114 159.940625 19.6352604510168 0.20998990097154957 0.025891014180758922 0.6608527728999529 0.16666666666666666 2.5 0.8515238410438296
115 192.470875 183.17549167719034 0.12544757380060573 0.119376590035127 0.16718752951834007 1.0 0.55 0.9744995860971224
116 196.818125 131.41730907826351 0.12886330228763831 0.08600881320351784 0.33406094791123553 0.5 0.7 0.9577173787868077
117 181.05975 132.08509394913142 0.14362141382323643 0.10448255591913484 0.17421343289994318 1.0 0.825 0.9141511868438358
118 188.2325 113.07338206165744 0.1520520690733248 0.09078553636128486 0.1057467646869865 0.3333333333333333 1.35 0.9231098668901722
119 170.331375 61.943326952365695 0.15506518385814386 0.05662147365593964 0.6309712390407312 0.25 1.225 0.8278082692490536
120 199.540375 153.8564943399407 0.12911923574756623 0.09956139568515442 0.2769216450933678 1.0 0.0 0.9777453351241133
121 197.98 69.99719152107674 0.1806073185825755 0.06401273495894796 0.6218812228158679 1.0 1.75 0.9670953897294106
122 190.875 50.73710144474503 0.19410827696501629 0.05147615757796737 0.39623918152056026 0.3333333333333333 2.0 0.9135323291292755
123 214.0625 2.255201653911733 0.24716558129024047 0.002622473378122542 0.25 0.5 1.075 0.9913524425168426
124 204.331125 131.48395861143803 0.1290645399222703 0.0830109554498564 0.3405499576374774 0.5 0.5 0.978744835373989
125 183.872125 23.025141392194563 0.22548481695764197 0.028481780950436037 0.7957536760712739 0.14285714285714285 2.75 0.8830344139770202
126 189.5005 103.56011063654962 0.1555441105221888 0.08474364364732322 0.258522295866239 1.0 0.55 0.9499716203608525
127 193.849375 64.30906959066145 0.17346073532981376 0.05751451996521109 0.5083968757130172 0.25 2.15 0.9300706755740218
128 198.748125 131.10057946152344 0.1294814862808215 0.08536797286026757 0.32503443509394847 0.5 0.85 0.9635159826050305
129 204.4815 56.34799480077361 0.18337276216832887 0.050466303156796406 0.4094679428866524 0.3333333333333333 52.05 0.9790071073408306
130 168.065 7.355968777897079 0.2342185702544112 0.010021432872505804 0.6799412156935078 0.16666666666666666 2.25 0.7991913761441927
131 194.666125 178.2586214758621 0.1288420224224877 0.1179502233281056 0.15698419117617732 1.0 1.5 0.9648645567578873
132 204.5 6.1891556455378804 0.23868158679234627 0.007278069714564202 0.25 0.5 1.0 0.9612069886793683
133 206.6875 70.2013645795685 0.18521252508599167 0.06291380994437236 0.40505690726686383 0.3333333333333333 1.6 0.9717960550839363
134 202.5625 16.641556625624123 0.22550546581599218 0.018309745279585392 0.5804820237218405 0.2 1.9 0.9647702429770092
135 208.37375 67.27191701402039 0.18880022311947528 0.06094353878876664 0.40946794288665245 0.3333333333333333 52.025 0.9758320074232414
136 195.55425 167.22837540138937 0.1300715330731772 0.11114190554945418 0.16784115081530987 1.0 0.475 0.9679280609305908
137 195.783125 184.0708789222853 0.12586906704129938 0.1182960723979171 0.1305908765193099 0.5 0.5 0.9781410013489035
138 182.31825 37.82836446285399 0.19283690483446675 0.03915200725989751 0.27819936496410635 0.5 1.375 0.9350234506600044
139 197.915 81.34009851981136 0.15804961771028284 0.06452403345000254 0.3361358858588543 0.5 0.825 0.9557638414716012
140 195.765 133.43340212026237 0.1263735988800148 0.08611823544178575 0.3491300851406181 0.5 51.5 0.9598095639301726
141 192.41425 185.38430709045494 0.12652136620175927 0.12191010091620316 0.21272451829392106 1.0 25.1 0.9703140866731275
142 197.75 18.761091825524474 0.21812400799283518 0.020846314686328363 0.5 0.25 2.0 0.9609108898056682
143 160.921875 29.028330540047257 0.1986926304607302 0.03603538195049712 0.5 0.25 2.275 0.8451702537968597
144 173.269 98.09718983699183 0.16059081831017372 0.09013110629524278 0.11613486766789263 1.0 0.95 0.8826755699547757
145 198.7055 166.5160312664965 0.1282494283126116 0.1073405924804409 0.1106901512119295 1.0 50.225 0.9828642022376409
146 194.625 66.86188442846485 0.1832627118644068 0.0629584599138087 0.0 1.0 0.05 0.9676451195879519
147 174.3355 63.672354806878985 0.18112168178474305 0.06466880669124539 0.13607114945242058 1.0 0.425 0.8654033826387885
148 204.778375 80.47483889404505 0.1791959529963477 0.07064853743867128 0.20959254085926557 1.0 0.0 0.976151770968422
149 211.256125 42.277437749765944 0.20239831195734664 0.039991968997227956 0.2637783099254188 1.0 0.0 0.99309668289449
150 161.57825 23.517810209947736 0.1996751652569572 0.029247169537559296 0.5875541237159979 0.2 2.45 0.7961624358995082
151 214.8125 123.30260797377237 0.1253673721990499 0.0719580080390344 0.39623918152056026 0.3333333333333333 1.5 0.9979912293809823
152 197.090875 134.04966529012086 0.127129516205045 0.08648046634713003 0.38642467322956076 0.5 25.6 0.9662781343338228
153 198.781875 51.629462927353615 0.19097270290442872 0.04877154377247241 0.009405590080569608 1.0 0.5 0.9612426817446442
154 186.47125 180.35389328716917 0.12574908644844213 0.12165162264388021 0.18832922250127848 1.0 0.3 0.9517376592515607
155 167.8585 35.0222478785713 0.19412135210681544 0.040868919327312694 0.6330833947881488 0.16666666666666666 2.275 0.8320133089115849
156 201.3125 15.629396807074139 0.23390241221300556 0.018297900583781473 0.5 0.25 1.525 0.9553313530442712
157 195.3125 21.541277955287736 0.21865560660261413 0.024320778753507945 0.0 1.0 0.15 0.9362281234144945
158 199.05875 47.72220858994166 0.19121281633691892 0.045713380995752756 0.4226836414362793 0.3333333333333333 2.025 0.9525876124167482
159 178.213375 38.17252324105118 0.19590713847268348 0.039991533846429575 0.12817188462846615 1.0 1.75 0.8586541291670265
160 173.648375 6.952530355797554 0.2413419399662589 0.009587623520957144 0.6701260463890601 0.2 2.225 0.8453949665400152
161 169.621 19.792869287881214 0.21657654502206958 0.025375707193776867 0.5318046076370527 0.14285714285714285 2.8 0.847345116443428
162 182.938625 96.5494001453382 0.14535099344385327 0.0760649585099676 0.07992996612977409 1.0 0.9 0.9410302222785237
163 182.1115 32.8303955150943 0.19250895238178156 0.03470127159092725 0.5926009941062271 0.2 1.95 0.9088305346374798
164 204.265625 135.6092312192547 0.12836165420192147 0.08519216571515412 0.3491364988789605 0.2 0.5 0.9827330662542215
165 206.4375 5.065970504155299 0.2419556070357734 0.005982075728469449 0.25 0.5 1.0 0.968599156653284
166 202.375 8.681087067163451 0.23687886365948221 0.010238727906012832 0.5 0.25 1.55 0.9605358929566767
167 200.45975 68.94460790577921 0.18551018208015943 0.06382117820933221 0.42947510922406135 0.3333333333333333 2.025 0.9650141038425799
168 203.25 63.3035903933558 0.18346330987241055 0.05711310766989093 0.39623918152056026 0.3333333333333333 2.0 0.9703422678936674
169 211.705 67.41175623277915 0.18945431751973837 0.06030862369312503 0.4138746330131674 0.3333333333333333 2.0 0.989532299459585
170 192.980625 177.44024266195314 0.1296569821908854 0.11916106562129727 0.1194772553188319 0.25 0.0 0.9620546835700226
171 198.061875 100.48730352401093 0.18487361265934635 0.09370957926771672 0.48792199639295936 0.3333333333333333 26.6 0.9556804269472525
172 185.133125 137.44423474443053 0.13433276582983159 0.09953593534052621 0.20011335905365765 1.0 0.475 0.9438607648421866
173 210.76625 68.25595636635501 0.17337345133934418 0.05610597760525225 0.5084026930947884 0.25 1.75 0.9902109070270154
174 182.33425 23.52590331004842 0.21891345031298257 0.02826479761680233 0.5845072533257685 0.2 2.325 0.9131580693014283
175 153.795 33.8712429584037 0.1874641313659464 0.041363619688187456 0.6619243821041978 0.16666666666666666 2.25 0.7707217718494958
176 197.294125 184.9061739095534 0.127481022117219 0.11944581067689632 0.1374939747611191 1.0 0.1 0.9847504778552414
177 184.263125 47.594146807300305 0.17921779016665382 0.04621988986839456 0.40505690726686383 0.3333333333333333 2.05 0.9437446525482416
178 193.604875 138.81630288701018 0.13964987986419142 0.09986333835392602 0.18266462760246707 1.0 0.45 0.9625142240806256
179 191.18325 178.1765995803473 0.1283616374837135 0.11958862241331118 0.11231713165619278 1.0 0.425 0.9584241675747744
180 218.6875 0.1966415231213733 0.24978436339705007 0.00022614992023889974 0.25 0.5 1.0 0.9993116223133025
181 174.00925 29.48386710311574 0.2120418055516497 0.03587492998012496 0.6579483746831842 0.16666666666666666 2.225 0.8266223997119528
182 198.29525 170.3514960743171 0.13329297635313322 0.11437866340531375 0.14832535593873034 1.0 0.05 0.9691650393385626
183 170.66375 93.91054712225706 0.1521448306451965 0.08292916539069652 0.11714231151612725 1.0 25.65 0.8758383854096079
184 194.225375 167.78993570436404 0.13235989588979044 0.11426187470545256 0.19322935703116859 1.0 0.15 0.9676635306892197
185 189.40925 171.65983643611054 0.12912250079486512 0.11694651665565144 0.13694386070275805 1.0 0.65 0.9547263898819202
186 196.94475 178.33070936959777 0.13097088200422458 0.11854599712760602 0.1338651552829442 1.0 75.525 0.9814874468642458
187 179.150625 104.87251018157151 0.14205841809763106 0.08262814883464606 0.08283425473903051 1.0 0.475 0.9238891709459566
188 196.3125 83.17013076654318 0.17311507936507936 0.07334226698989699 0.0 1.0 0.05 0.968344396531181
189 216.9375 1.2278271303686785 0.247914346171484 0.0014128851274560585 0.25 0.5 1.0 0.997868734379565
190 187.60125 140.19918581376996 0.13857655626963264 0.1033545247929367 0.19659856862461844 1.0 25.25 0.9375364879530179
191 183.688125 158.05427871038773 0.13022193448083386 0.11191955877022847 0.11026800853520002 1.0 0.15 0.9265994767827314
192 177.695375 20.80313361189354 0.2137341566598787 0.025244668708947423 0.27250237557684154 0.5 1.575 0.906982210359694
193 189.733125 178.71644487514538 0.12789394275018642 0.12046997023882307 0.17964706376194206 1.0 0.475 0.9551231852439735
194 202.229375 25.854805849511163 0.21520879034010243 0.02761493177277075 0.20026191259353637 0.3333333333333333 1.425 0.9679378310498594
195 194.983625 178.07670655838865 0.12980599678448274 0.11853118482072383 0.17044076679847775 1.0 0.25 0.9667128810356823
196 210.159125 59.850981410155875 0.19360034187050004 0.05506956173693168 0.4382841176471733 0.3333333333333333 2.0 0.9849684157748045
197 199.854 118.0194703562517 0.13929808238533709 0.08212812493093703 0.30851168151178476 0.5 1.0 0.9705493065566968
198 187.6145 25.28989339270474 0.2175756831392704 0.029222724853810434 0.5925937076437271 0.2 2.725 0.9290200664532787
199 195.404375 184.71358673442796 0.12844327710873285 0.12139901899022364 0.11639235138355944 0.5 0.2 0.977669432444503
200 171.491 10.112646618462211 0.22837785158310683 0.013537137455035677 0.703610635369706 0.14285714285714285 2.6 0.8970206426516795
201 213.737875 71.77486199289444 0.18667562163037774 0.06268848470552174 0.40505690726686383 0.3333333333333333 2.0 0.9914944777567944
202 190.5105 71.95819169063907 0.1793896980061736 0.06648997498371452 0.12140033978844522 1.0 1.075 0.9241570885991192
203 186.11975 134.79677657764026 0.1427388894148113 0.10375297130901963 0.306657932416878 1.0 0.05 0.9295318449720142
204 192.456125 178.1859215357167 0.12731641563938745 0.11783161959261874 0.15527405122234608 1.0 0.225 0.9728398893810877
205 161.019 22.21604580689632 0.21973636969207047 0.030327590564721795 0.7094224744989365 0.1111111111111111 2.425 0.8075514757356541
206 200.023875 134.1280862939879 0.1293512483575635 0.0867072368510129 0.33238099835669066 1.0 0.0 0.9706729306953779
207 206.3125 2.856926080680736 0.2469097787777121 0.003445281406839961 0.25 0.5 1.225 0.9728985100966944
208 193.66175 179.94666659739812 0.1294202062173465 0.12026574683820836 0.21686729318915096 0.5 0.0 0.9674944433659937
209 192.170125 186.06257390243275 0.12702081570571985 0.12295727477433399 0.11406458660428595 1.0 0.075 0.9737082536475421
210 196.24175 184.71486646084338 0.12865458573967042 0.12105299409975652 0.13972344583286792 1.0 0.55 0.9744161715727754
211 186.51675 93.2154574367971 0.14705186702561013 0.07296245824364438 0.13884608070962368 1.0 1.4 0.9371851557755067
212 186.826625 126.40690398588232 0.14781899964129167 0.09960501097189822 0.14239448029592502 1.0 0.875 0.9185752935631933
213 190.537375 175.23844013770935 0.12847734522757434 0.118133030371254 0.1885946211152517 1.0 1.175 0.9595070823489963
214 201.44875 130.10862340613784 0.13539841246110662 0.08737829035336478 0.2943461608001775 0.5 25.775 0.9798288792854766
215 182.385875 77.64773777551575 0.1524580444709505 0.06448405374272864 0.3424764126173786 0.5 26.45 0.9136318964803649
216 200.875 9.662850779968537 0.23196517966735405 0.011243082433412934 0.25 0.5 1.2 0.9607147503991694
217 185.3945 178.5670240744775 0.12504306449905406 0.12075244545916458 0.5642159780300591 1.0 0.075 0.9445709410419427
218 160.87675 24.76704770967648 0.20750708960431977 0.031162090161451154 0.19381374314308183 0.5 1.625 0.841118148630815
219 195.26525 181.3150729593381 0.12880157955669044 0.11958533539420925 0.17134270846707045 1.0 0.5 0.9640070917479651
220 204.375 8.967573457178643 0.24079928546368376 0.010646204317799671 0.25 0.5 1.175 0.9778851120895382
221 192.885 175.3706035336907 0.12917873405370167 0.1173876141071373 0.12734072151789066 1.0 0.9 0.9591504966012773
222 215.25 1.2531288769720885 0.24854647267599722 0.0014571658633173864 0.25 0.5 1.0 0.990655423848142
223 194.0895 52.24967561309748 0.18682807910647095 0.05020453886515323 0.4050612527601375 0.3333333333333333 1.925 0.9392720873486634
224 157.021625 28.872290685021063 0.19301738464701765 0.03560421439986011 0.7056110370292649 0.14285714285714285 2.625 0.7763978806662974
225 206.336 72.83160610588939 0.16644263278990268 0.05874983066749976 0.5125982222604113 0.25 1.9 0.9734080303408991
226 167.98925 28.017393964906653 0.19706207369533882 0.03310679597827556 0.7397181798352627 0.125 2.4 0.8194447822458032
227 193.131125 127.7563267430264 0.12862084533245632 0.08502971183454898 0.3060036084136029 0.5 26.1 0.9405654281977094
228 213.75 1.748421149373165 0.24839070796163737 0.00204634198937534 0.25 0.5 1.0 0.9882130356645294
229 187.8425 167.42362548678403 0.13063191301609073 0.1162971535912954 0.07638595626291063 1.0 0.9 0.94889960484316
230 208.3125 2.5841868718359873 0.2469395269043641 0.003086374398185184 0.25 0.5 1.0 0.9817422069863506
231 173.130625 41.286108782287535 0.1944778018436823 0.04429098202895757 0.11464545228628176 1.0 26.25 0.8798363864091079
232 168.3625 13.040690050806552 0.2278739621610672 0.017769919144435025 0.5804820237218405 0.2 1.65 0.7949029219573206
233 178.25 8.098719784389974 0.2394836813438516 0.010989550287159122 0.25 0.5 1.35 0.8744368362274694
234 205.641375 70.41012245938458 0.1825154757440356 0.06250958728443848 0.40946794288665245 0.3333333333333333 76.9 0.9651204460172556
235 186.95125 129.93618926084366 0.1447395814593682 0.10015207458923277 0.06870372399398816 0.5 1.3 0.947104255594648
236 183.625375 33.3781238802149 0.19546411850696352 0.034100696292607695 0.26880538618957667 0.5 1.45 0.9355611521247489
237 191.345 43.76068040437886 0.19930122181871202 0.04538934453408555 0.4216748711186144 0.3333333333333333 2.1 0.918981859044516
238 186.9575 107.13729351642132 0.15192478386608985 0.08758621497402828 0.5436329550003299 1.0 1.025 0.9194966328589231
239 218.8125 0.15088834764831846 0.24978452967551198 0.00017341336050063344 0.25 0.5 1.0 0.9995002498750625
240 218.8125 0.0625 0.24992812113235005 7.18788676499778e-05 0.25 0.5 1.0 0.9995002498750625
241 211.125 9.60040620089827 0.2394353278335227 0.010964880451622284 0.25 0.5 1.05 0.9862508573673199
242 191.96175 125.51176958656826 0.13109787963247513 0.08564421026114735 0.30906924450982737 0.5 25.8 0.9369728635422667
243 199.625 20.65551068448084 0.2120861371068824 0.022098909871243064 0.5 0.25 2.05 0.9672753763091713
244 204.3125 44.98355778710742 0.20763468311222347 0.043696072022551206 0.0 1.0 0.05 0.9789225636792181
245 169.346625 15.462249775348635 0.22493821989221094 0.020687883222418726 0.5355890155380759 0.16666666666666666 2.825 0.8872815294122997
246 195.00125 54.0184683960408 0.17611032572622054 0.04791699232812404 0.28658750285206874 0.5 2.05 0.9583828288231772
247 164.024625 19.708081781962644 0.2073905146555804 0.024787639575977446 0.6288476709434 0.16666666666666666 2.7 0.8110801661052837
248 197.708875 128.89584233499687 0.12828444568594888 0.08358742640905112 0.3583421036708023 0.5 0.5 0.9641566388326557
249 189.166625 104.553973859165 0.1434338484047769 0.07909035789410962 0.322997418133375 0.5 0.5 0.9327092031641326
250 194.532 130.49589589485774 0.1276586072694214 0.0856147888035959 0.3261743398132099 1.0 0.0 0.9553497641455401
251 186.61875 39.87558554109077 0.18244003696597477 0.03901165378930323 0.5804820237218405 0.2 2.475 0.9338732741881665
252 194.125 5.627347144676535 0.24444376320798272 0.007146754424137091 0.25 0.5 76.45 0.9336816513307348
253 173.875 9.749219385231022 0.22970633927467496 0.0130094405493345 0.6462348620485163 0.16666666666666666 2.125 0.8795252638459318
254 173.481875 37.175504774551285 0.18943848769795857 0.04091179086641281 0.39463674305476465 0.2 1.825 0.865571340824746
255 179.72125 85.9009188239958 0.16247187609484007 0.0766622951900677 0.08272956576341803 1.0 101.3 0.8901924912046376
256 168.3875 4.774629587156556 0.2407414434595919 0.006873071485051652 0.5845144669212022 0.2 1.825 0.7957701570865107
257 160.77025 38.04414132140628 0.18516773472587608 0.04394825908867753 0.6758978934575335 0.25 1.75 0.8110703959860189
258 200.0625 28.185860362556443 0.21624492867035036 0.03054816295708322 0.0 1.0 0.025 0.9563308532941461
259 191.212375 177.22989879627835 0.12974149144837407 0.12022769826007314 0.21783457727572028 1.0 0.15 0.9624589907768142
260 203.3125 34.568099846491776 0.21348860810544756 0.03633659408219786 0.0 1.0 0.025 0.97925322648093
261 195.8835 184.28913527987925 0.12836393996731818 0.12074402839338821 0.13334072151789067 1.0 0.2 0.9758688296257803
262 198.875 51.552473256331496 0.19934523115293126 0.049703080064856096 0.0 1.0 0.7 0.9611385978444972
263 172.811625 29.139970537456232 0.20013203900285534 0.03307621292822872 0.5661067940325062 0.25 2.6 0.8875460596536664
264 198.125 90.95668310346332 0.17175353456381764 0.07778635328104942 0.0 1.0 0.15 0.969379589846333
265 184.21825 43.42363518292756 0.19370447089789916 0.045450827780732166 0.5283919736864457 0.25 2.1 0.906721067530117
266 190.025875 45.214437581248966 0.18682183167201594 0.04423919031331302 0.5167995688078054 0.25 2.05 0.9363472310041193
267 195.375 68.70956405845443 0.18345070422535212 0.06451602259009806 0.0 1.0 0.35 0.9578680550087629
268 186.299875 91.39503333274237 0.1550421383575003 0.07651217010053912 0.490745141259195 1.0 0.9 0.9372122078587701
269 200.7225 137.26775754360685 0.1272559301662309 0.08701173354912169 0.326279547591785 0.007518796992481203 0.5 0.9812706380819487
270 212.125 5.794236066723661 0.2453403928119217 0.006749716006482053 0.25 0.5 1.025 0.9904938483696553
271 196.371 60.96546615428461 0.1821444520243773 0.056522840250519166 0.43627969217450135 0.3333333333333333 2.05 0.9464865270173503
272 198.92775 127.16007582577643 0.13026286499229262 0.08322875400190151 0.35633818067788114 0.5 26.15 0.9662597232325529
273 202.4595 138.92286952442 0.12850639258704233 0.08816331683634679 0.32371718241631936 1.0 0.0 0.9827146551529511
274 218.5625 0.4040063509461097 0.24964060566175014 0.0004646323044704942 0.25 0.5 1.0 0.9991229947515425
275 187.44075 106.67636286803054 0.15798864786090044 0.08930043391037919 0.1784520347496751 1.0 0.875 0.9132200774288327
276 202.32875 54.70472993300575 0.1917117841278656 0.05175017621907203 0.41827695130976433 0.3333333333333333 2.175 0.9636948400475241
277 203.887625 141.66513466426187 0.1268070974647969 0.08810121615647452 0.31157139274074297 0.5 0.5 0.9823851214885038
278 207.091875 62.957608004386785 0.17359907624624976 0.052801786391567136 0.34355278764526487 1.0 0.25 0.9856936156640427
279 180.95625 43.812819452549974 0.1832136764702102 0.0444692878656178 0.5804820237218405 0.2 2.075 0.8896904828051632
280 210.875 2.77446655350137 0.24675848881989465 0.003270350673455655 0.25 0.5 1.0 0.9835634791808723
281 183.34775 49.71386042948961 0.17375787207309587 0.047542726563536086 0.3267913709597188 0.5 0.95 0.9298959425644748
282 209.410125 57.98823436252635 0.19550199280734806 0.054390581420096215 0.26490537810305037 1.0 0.0 0.9875235288405674
283 201.8125 69.16257559735203 0.17927516797504625 0.0614548308329575 0.39623918152056026 0.3333333333333333 2.025 0.9690402860626176
284 181.719625 38.666503019819096 0.18824745535959217 0.04020259596404978 0.6677460064652713 0.16666666666666666 2.5 0.9108490753757693
285 162.86375 16.672707158318296 0.22233899552544448 0.022672814558896602 0.6878847265398564 0.3333333333333333 2.825 0.8306504480903991
286 216.8125 0.8431583697265399 0.24877237266808147 0.0009741969504114765 0.25 0.5 1.0 0.9964356165650948
287 201.74775 58.23633925297172 0.18142414904227394 0.0515048365042817 0.08848445326558148 1.0 0.6 0.9759424740308624
288 211.365625 75.6394679201711 0.16587566319247543 0.05936332955825202 0.5084026930947882 0.25 1.75 0.9856665635807697
289 199.185 145.0384935072416 0.12330927878678978 0.0897887215075266 0.28245618925222843 0.5 0.7 0.9792727667194637
290 200.81075 118.1473684362155 0.14018850996264434 0.08235338159891727 0.31717208547578324 0.5 25.6 0.9725580771757144
291 196.422875 138.64573882991237 0.12672162109696666 0.0894647603175803 0.3460750223507534 0.5 76.1 0.969352537763058
292 195.592125 179.87217860501616 0.12754668735517524 0.11728563864899615 0.1965954235619597 1.0 0.4 0.9654683907829721
293 191.80225 153.0795211687603 0.13576216250819437 0.10819363653764674 0.1721548239204626 1.0 0.95 0.9475608008095703
294 218.0 0.5828070497910548 0.2491369952548669 0.0006706437741576148 0.25 0.5 1.0 0.99734080303409
295 207.471875 59.5400491796627 0.18998520384214312 0.05445945057251868 0.4050612527601375 0.3333333333333333 2.0 0.9818744721070354
296 205.375 62.973339126689886 0.1907175868372484 0.05843855756401256 0.39623918152056026 0.3333333333333333 1.925 0.9682598528695688
297 196.44875 188.0428336188085 0.1269667538423953 0.12152462127735592 0.1514107252861861 1.0 0.15 0.9782450852490507
298 197.614375 182.91559460092074 0.12779745293753167 0.11827382987590651 0.16511980134217036 1.0 0.225 0.9757083832845579
299 218.8125 0.0625 0.24992812113235005 7.18788676499778e-05 0.25 0.5 1.0 0.9995002498750625
300 188.986875 184.36205012132822 0.12390308869662418 0.12090677476196805 0.19167784173253222 0.2 0.0 0.9563590345146815
301 217.6875 0.3405931089239487 0.2493512535436743 0.00039281754185669585 0.25 0.5 1.0 0.99762374437673
302 188.624375 125.64142267271265 0.12528723812372233 0.0834093923482561 0.324845373395106 0.5 25.675 0.9232432611481208
303 196.178125 103.94186456763707 0.18563539735705534 0.09828611818946961 0.4614875560070403 0.5 0.525 0.9622324118752509
304 164.801375 41.25726625518459 0.17885528759568126 0.043691102640388654 0.4289408791374691 0.25 2.775 0.8678867174578827
305 155.437375 18.782037963585307 0.21845353037518073 0.026299441061275623 0.7018300800400871 0.14285714285714285 2.25 0.8086787245571508
306 192.264375 83.43836845640267 0.1730175520210765 0.0751367803086082 0.47139418238854003 1.0 0.2 0.9650584378898592
307 204.383 122.14243321635611 0.13645840549411759 0.08145824204668743 0.3382026573613119 0.5 25.95 0.9813281296602892
308 195.077375 182.02938354024423 0.12874486004066318 0.12009431977169563 0.11330590610625847 1.0 0.3 0.9693720780015928
309 191.88875 126.74539035596847 0.13248254272994475 0.08744419051486362 0.31106924450982737 0.5 100.725 0.9456756543292347
310 212.1875 2.7597652045164343 0.2475761038499057 0.0032434166666244018 0.25 0.5 1.0 0.9874108039584175
311 185.233625 148.093251515829 0.1384749562891521 0.11053831307582819 0.17550349674121474 1.0 0.45 0.9384687265052848
312 206.3125 15.56836119164071 0.23254517384261272 0.01767432878686183 0.5 0.25 1.95 0.9721439998496546
313 195.160625 105.15993448742083 0.15133602594317502 0.08133554790700026 0.30851168151178465 0.5 26.35 0.9602702335780422
314 200.8125 3.496110141848974 0.2448532221319383 0.0042969964765592105 0.25 0.5 1.3 0.9447997782180425
315 199.768375 125.43066615041201 0.13346717062505264 0.08372915815849112 0.32581748605859395 0.5 0.6 0.9678630575075136
316 191.991 122.98325281894529 0.13108209923494912 0.0839266254033639 0.3692776532474368 0.5 51.275 0.9477678394726003
317 172.126 13.604339380733395 0.222569079366035 0.017741188959907665 0.7436367934956848 0.14285714285714285 27.6 0.8401795273710787
318 187.70675 25.224160019659042 0.2206853669706182 0.02922530602749554 0.45273733421490875 0.3333333333333333 2.125 0.9284725948692717
319 163.116875 14.420026160375148 0.22647514505562383 0.019937616939723353 0.6617728291304965 0.16666666666666666 2.675 0.8795184890223361
320 203.03975 140.67319730228274 0.12595722052234326 0.08725727855737427 0.32378030562165055 0.5 0.5 0.9786884729329133
321 201.371875 138.29918802832913 0.12670647714708752 0.08701009130687277 0.3260972836034848 0.5 0.5 0.976001094746466
322 184.5 45.526772247657064 0.18006292704091612 0.04426661779477571 0.5 0.25 26.825 0.9258697603444374
323 176.499125 39.541194030733806 0.18878430116167755 0.04149631168595835 0.4138746330131674 0.3333333333333333 2.35 0.8786125655321977
324 194.524625 163.14036496378336 0.13514205627565007 0.11322104781631376 0.17544076679847775 1.0 0.0 0.9650141038425785
325 204.5 11.1444236673116 0.23414077186320761 0.01285397286808094 0.25 0.5 125.975 0.9661654094516744
326 194.834875 23.08693623832125 0.20855015897086865 0.02469501888995374 0.7018300800400871 0.14285714285714285 27.75 0.9554016100375522
327 209.3125 7.822723761578971 0.24150159522521952 0.009091374080983445 0.25 0.5 1.0 0.9861174631093709
328 190.1565 49.39510978923699 0.19563014957235458 0.05023503694077976 0.2828934339080876 0.5 51.725 0.9448516241100576
329 207.9175 57.85383492311811 0.16913350304879868 0.04726674839815041 0.5855670549205371 0.5 0.9 0.9754265710791838
330 173.04175 50.712466354209454 0.16804727135207287 0.04939890229100848 0.6462348620485163 0.16666666666666666 2.025 0.850870419401264
331 153.078875 5.663285598176794 0.23820361443400118 0.008988107827873964 0.7056211971894294 0.14285714285714285 2.25 0.8049550239182839
332 197.555625 155.6858162743669 0.13926037949247488 0.1095851315233514 0.16544076679847775 1.0 0.2 0.9663638071327008
333 194.522125 176.0029727386904 0.13005495309302 0.11761424823554878 0.1338651552829442 1.0 0.55 0.9676928410470232
334 141.37925 21.19739327510897 0.21078611391138036 0.03143609344891183 0.6562297198461039 0.25 2.275 0.815827768686638
335 190.7155 175.92602944536281 0.12747614484244296 0.11757838891019963 0.1884228852746612 0.3333333333333333 0.425 0.9541995876737092
336 192.751 174.2616170381906 0.13045955504753046 0.11791049709686799 0.21954207676659906 1.0 0.525 0.9579428285511065
337 183.6875 40.872351664534456 0.19710820078359775 0.04396891898558058 0.6462348620485163 0.16666666666666666 2.1 0.8994600355396146
338 189.326125 138.9038951351249 0.14336327396579415 0.10487613083390869 0.13803700034720054 1.0 0.8 0.9288164152020434
339 191.20625 184.61450027662642 0.124672454075894 0.12036758236673126 0.18391938117646786 1.0 0.0 0.9638455162694769
340 179.0625 6.775002907356556 0.23747590141002886 0.00895981800277566 0.5804820237218405 0.2 2.375 0.886929460213643
341 198.6875 18.992384262026068 0.2266529197084008 0.021829796178428708 0.25 0.5 1.875 0.9623255965188681
342 198.51325 128.60417023022396 0.13076680726555173 0.08467469429986599 0.3465045760798606 0.006493506493506494 0.5 0.9696159388671634
343 181.9465 8.67556105637416 0.2333515356480006 0.011202581402221959 0.7018300800400871 0.14285714285714285 2.15 0.8587007214888349
344 188.705625 41.23844491815017 0.20602201755293387 0.04486899528318523 0.4138746330131674 0.3333333333333333 1.975 0.9130032686465361
345 200.5 10.903517793262244 0.23125992793253533 0.012671795921526665 0.25 0.5 1.3 0.9572826320849491
346 200.205 137.10867667402135 0.12723668788726164 0.08709618368445965 0.27958750285206874 0.5 0.725 0.9755858882831412
347 194.43525 181.74310907065367 0.12726684180992104 0.11893151670219619 0.1600534977945704 0.5 0.4 0.9739630137696451
348 181.5625 43.51113702383645 0.1947482905162264 0.04648760796168155 0.39623918152056026 0.3333333333333333 2.025 0.8846779578663192
349 192.300125 181.8489470488645 0.12491773643950746 0.11814753460656532 0.20618429972347288 1.0 0.325 0.9606117956362842
350 189.45775 169.41759131812273 0.13198461437608178 0.11793182567147593 0.13990022067526228 1.0 0.225 0.9496259338696621
351 206.3125 82.29250413575588 0.16361022997620933 0.0652597177920348 0.0 1.0 0.0 0.9865337987099598
352 189.911 108.30253512157327 0.14007366358033624 0.07973505424163194 0.34516628475754707 1.0 0.15 0.9225364723601529
353 195.17625 128.17698265591167 0.13211838353908914 0.0865633332163336 0.07938595626291063 1.0 0.1 0.9588577851393706
354 170.1705 29.44989126037711 0.20670752762141872 0.03576115008494031 0.5733135271214357 0.25 2.225 0.8824910668259521
355 190.375 101.68557393651909 0.1527677130101774 0.08235245012890677 0.25 0.5 0.825 0.9592252701436204
356 185.811875 43.44621427577459 0.19587846762891348 0.04562200548829769 0.40505690726686383 0.3333333333333333 1.775 0.9389662183556962
357 194.186875 110.58168315271516 0.13677714637462277 0.07782479287577812 0.4881262936927519 0.5 0.85 0.952745800483441
358 174.291 14.183084731790535 0.22595074472046575 0.0186814459933093 0.48931130249781785 0.3333333333333333 1.5 0.9125887992043537
359 192.161875 172.3864447440274 0.13108941093456158 0.11750441921031743 0.1194772553188319 1.0 0.05 0.9554354369444171
360 210.1875 18.40385161198619 0.23072344376436638 0.01882529508026693 0.0 1.0 0.0 0.9872319465159246
361 195.498625 129.45850012220532 0.1298746617553279 0.08595273227388492 0.31462812318634026 0.5 100.55 0.9525876124167473
362 196.445625 158.08494893008321 0.12546016517487604 0.10093854669048397 0.2232054746501313 1.0 0.0 0.96655243469446
363 198.726875 28.017331145771315 0.2006968930576987 0.02848414258178407 0.2641054881350732 0.5 26.95 0.9672840172911708
364 190.4375 110.799374881286 0.15507939739413684 0.0902275039749886 0.0 1.0 0.0 0.9577173787868078
365 197.619375 61.116183890556435 0.1716035412591371 0.05307613162563702 0.40505690726686383 0.3333333333333333 2.0 0.9692071151113145
366 179.05675 91.40967325920042 0.1638903375931497 0.08322329112064455 0.4050610332240947 1.0 1.625 0.8898141069438515
367 190.34425 113.33108810423585 0.13923932151872845 0.08290827405879353 0.15731392343891942 1.0 0.275 0.9355961081688717
368 186.426625 164.01582640899372 0.1306959676963722 0.11495278013056698 0.21190852525209022 1.0 0.675 0.9402152251574606
369 176.479875 23.665027866224488 0.22057342421741338 0.029792182349654073 0.5885541237159978 0.2 51.85 0.8959106757941844
370 214.1875 2.2792139202993598 0.24645126334037853 0.0026411037298828713 0.25 0.5 1.0 0.9898531921420299
371 191.13525 13.31382451920045 0.23044710537232746 0.015054825872552134 0.23751940013337702 1.0 25.425 0.9431573634660133
372 194.11725 170.62233739236817 0.12904019822005053 0.11332062318509122 0.11365734708471742 1.0 0.15 0.9664949431161193
373 192.24825 104.09969835428548 0.13925655355261185 0.07519011823348135 0.2771993649641064 0.5 0.525 0.955554544534043
374 215.5625 0.7742744011967062 0.24934474273917653 0.0009019536413403021 0.25 0.5 1.0 0.9934371158154697
375 212.579375 74.63782048190426 0.1676082873510199 0.05884468025786039 0.5084026930947882 0.25 1.75 0.9890802707937196
376 198.125 42.26572042144109 0.18738068198737687 0.03987521810016509 0.39623918152056026 0.3333333333333333 1.85 0.9623830880972074
377 184.47875 155.62456058336318 0.13468034888487165 0.11347655934218352 0.1623739846521866 1.0 0.05 0.936178143680891
378 209.349 68.04689863870925 0.1839620310129026 0.05978593339583662 0.40505690726686383 0.3333333333333333 2.0 0.9862594983493229
379 188.385625 35.91833718254164 0.2066226599488478 0.03911375319608619 0.4006502171403489 0.3333333333333333 2.0 0.9156049740341067
380 215.0625 3.525555127580013 0.2451925063534818 0.004047585422650389 0.25 0.5 1.075 0.9913058501950347
381 199.475625 66.15892670507652 0.17972788274430607 0.05984583830048014 0.24560371504390838 0.5 0.525 0.9543134416931257
382 204.601375 66.54808257530001 0.18700566486198353 0.060814891976375705 0.40505690726686383 0.3333333333333333 2.0 0.9684668915325989
383 157.780375 23.10984606103778 0.20281390250276768 0.029990170998154427 0.6921503110058667 0.14285714285714285 2.35 0.8136232507772486
384 195.02425 177.55693346400915 0.12847940135350103 0.11692414062786592 0.13990022067526225 1.0 0.5 0.9675421648250673
385 188.49275 149.06197384663858 0.13181762780381573 0.10409405186562355 0.205145631534425 1.0 0.55 0.9309183704646763
386 183.23225 31.69358532020563 0.19645412474279025 0.03396083244839774 0.41827695130976433 0.3333333333333333 2.3 0.9205709066511516
387 212.0625 16.220405066359863 0.23189835982153909 0.0178016151234458 0.0 1.0 0.0 0.9907963299508296
388 190.732375 30.260613285394562 0.19944108094802515 0.03152102616877969 0.5672950188162388 1.0 26.125 0.9510999983196128
389 174.881 52.65612705206257 0.16412399975224246 0.049758724849382006 0.2641054881350732 0.5 2.775 0.9008052222806827
390 208.625 66.39198822159031 0.178803206904444 0.056902855701193064 0.25 0.5 0.7 0.9820078663649844
391 194.095625 38.13076548872354 0.19251364614510544 0.03730273070422608 0.524933560206648 0.3333333333333333 1.85 0.9548563967280781
392 189.44225 78.40717981702066 0.17487045497229975 0.07117109010121786 0.07317507862761062 1.0 50.775 0.9353390897722409
393 214.909625 71.19751908683921 0.18724327552406617 0.062032180427580234 0.4094679428866524 0.3333333333333333 2.0 0.9938327820402597
394 181.58 109.28398389274057 0.14427674582859157 0.08636126413850868 0.1669616385399623 1.0 0.8 0.9006970139475927
395 198.913 68.53376674316517 0.18429448369314322 0.06351373792765427 0.43927529368675455 0.3333333333333333 1.9 0.9632980446854694
396 196.5625 37.08918753155743 0.20793324363021565 0.039216141874349346 0.5804820237218405 0.2 77.1 0.9409806346610349
397 193.125 10.130206260532937 0.23311372272138176 0.012328785902348795 0.25 0.5 1.05 0.9312663152303957
398 196.718 116.42805422083953 0.1835282426582383 0.10861008843259203 0.4423278166117124 0.3333333333333333 26.825 0.9654868018842432
399 189.461375 44.736203882161675 0.18114590295555205 0.0425833806231814 0.5168053861895766 0.25 2.15 0.9180191809971816
400 174.055 32.83896171594254 0.20030062168250867 0.037735305421988455 0.5126040396421825 0.25 2.3 0.8788846076183063
401 178.406625 78.75750392403533 0.16873556055004912 0.07327157841955753 0.05078126227861889 1.0 1.125 0.9182021628726197
402 194.806875 30.456245473749743 0.22765421425485022 0.03560549718575427 0.7174118203328979 0.16666666666666666 2.45 0.9568726791918257
403 191.0625 13.307844972945352 0.22294546150463568 0.01565380656100445 0.5 0.25 1.8 0.922394437120202
404 186.916625 30.99353359056718 0.20601073748726834 0.034259628233832884 0.6462348620485163 0.16666666666666666 2.725 0.9228994408153417
405 206.8165 73.88199561133649 0.17967812227913815 0.0638880467877509 0.268802477522338 0.5 0.475 0.9755392959613339
406 193.375 7.289478281391923 0.23968750339200942 0.009111844854651522 0.25 0.5 1.45 0.9350854587874032
407 191.369125 172.55453494002973 0.12776512416593658 0.11515178022770022 0.1769051602451879 1.0 0.525 0.9704343234000155
408 205.29775 85.61571506620153 0.1462068202838141 0.06095953278194433 0.5204300695706539 0.3333333333333333 1.5 0.9755565779253402
409 183.41875 21.471240899073003 0.2082300756843551 0.02423870209542494 0.5804820237218405 0.2 1.975 0.8958858819854407
410 182.3125 35.228346097081435 0.20124968952366323 0.0391987126391398 0.5 0.25 1.725 0.9067676598519252
411 210.307875 124.10962710461428 0.125261362347811 0.07402104727539278 0.36240408757328424 1.0 0.35 0.990635883609607
412 193.756125 156.21971569260538 0.13523996362144386 0.10890761649638649 0.1455447975505682 1.0 0.425 0.9503240816756254
413 205.4925 13.308957797301671 0.2331367505677083 0.01399550494715959 0.2245737239586223 1.0 0.0 0.9771426302362941
414 195.11 132.0729660228751 0.14329693409622996 0.09663893576805827 0.16151979772946715 1.0 0.6 0.968793037785252
415 218.1875 0.15088834764831846 0.24978386281268736 0.0001739337763144718 0.25 0.5 1.0 0.9993116223133025
416 191.715625 18.8179103601119 0.2239397261071519 0.022157748419677086 0.5042013465473941 0.25 1.725 0.935479995874928
417 165.726375 12.805390629757817 0.22862016891848158 0.017898167275239275 0.5926009941062272 0.2 27.15 0.8728083160276435
418 196.818625 52.88946244676433 0.1821924208828914 0.04889129221758614 0.4050612527601375 0.3333333333333333 2.0 0.9522558204777717
419 210.50525 123.63629232531159 0.12552683168566794 0.07378860336570606 0.38125962287675114 1.0 0.2 0.9923898941065222
420 191.106375 176.2841855077866 0.12988693271673413 0.11977365156164964 0.1279943428148605 1.0 0.05 0.9510038183803212
421 199.93775 143.4761707165847 0.12484181145238914 0.08959218916650115 0.32349167972415765 1.0 0.025 0.9770190060976105
422 202.299 144.1236421991012 0.12572679024326694 0.08957339849403255 0.32378030562165055 0.5 0.5 0.9825921601515335
423 190.9535 167.5021831350048 0.1314148787719564 0.1151949401439735 0.14474093297992516 1.0 0.0 0.9593748172283115
424 208.772125 71.52540734443252 0.18339524993548736 0.06284143711001546 0.4138702611832494 0.3333333333333333 2.025 0.9796316107417143
425 199.796375 134.46822842579908 0.12668992330233786 0.08528801871817274 0.4342809723312748 0.5 0.95 0.9632330412623903
426 207.080625 66.6659871068371 0.18860418245640556 0.06070027076157084 0.4006502171403489 0.3333333333333333 26.9 0.9730503154559137
427 191.5 18.121126726060844 0.22518040652352692 0.02148104034377116 0.5 0.25 1.5 0.9394118643140871
428 175.04575 19.370552319891665 0.2226800095820933 0.024875409403431695 0.26880538618957667 0.5 2.1 0.9241112332984621
429 181.2865 33.97546589250724 0.1961942361023378 0.036913326764366386 0.7171401985528867 0.16666666666666666 2.05 0.8839211893447446
430 185.758625 28.323887553047346 0.19862468274153688 0.030229874075395527 0.5926009941062272 0.2 2.5 0.9336185140660641
431 204.09375 144.9317208319477 0.1254053189462661 0.08904918010170337 0.3027702222417863 1.0 0.0 0.987816240302474
432 147.746 24.653998629867985 0.2092553343529673 0.03499001851705842 0.6356880662747858 0.16666666666666666 3.525 0.8283335502038809
433 186.04175 151.14568498553606 0.13651328794653012 0.11073206621561696 0.1455447975505682 1.0 0.25 0.9292023113075664
434 170.205375 32.06163832265878 0.21137818401686423 0.03989383294540977 0.6129747972953679 0.25 101.65 0.865294782189582
435 204.73775 142.76587505200263 0.1266645174250763 0.08832351777349474 0.31959757890798773 1.0 0.275 0.9901827258064765
436 194.069125 88.15188054958018 0.14802467805676905 0.0668933396169156 0.2972746240696112 0.5 51.0 0.9589866628482627
437 185.720125 148.62816299231685 0.13726896096043598 0.10969301385815122 0.19013685491056195 1.0 0.5 0.9231771285877777
438 185.302 25.988366315961343 0.2192627552275473 0.030732675600138676 0.6462348620485163 0.16666666666666666 2.7 0.9316476947868533
439 201.5175 100.29878496851654 0.18494119958631752 0.09188378268938562 0.30851168151178476 0.5 25.75 0.9800359179485072
440 174.9285 24.75633882389927 0.20280674653591205 0.028885859961388354 0.7018300800400871 0.14285714285714285 2.425 0.8697373000102114
441 206.25 7.221628712381836 0.23891396310873628 0.008427307150098979 0.25 0.5 1.05 0.9771599122003002
442 190.864625 174.39301588374207 0.1299494031587496 0.11866266851660107 0.12903284305010454 1.0 0.175 0.9543220826751273
443 174.439 25.579011128683433 0.2084216535236136 0.030747988999180194 0.7770873969857217 0.16666666666666666 52.3 0.9064020410060776
444 210.66 70.25705708641512 0.1863413107324337 0.06214458420594462 0.40505690726686383 0.3333333333333333 2.0 0.9837716469811668
445 167.92575 25.45178427569972 0.2268697438678193 0.034496984471282105 0.7437361982805475 0.14285714285714285 2.85 0.8276737458538408
446 194.0 46.231506888093584 0.19261884314647812 0.044973411030759934 0.25 0.5 0.825 0.9511804175482872
447 197.4475 133.7210569146545 0.12944572948613256 0.08764032184189088 0.3491300851406181 0.5 0.5 0.9671735506835503
448 176.85125 35.07508194584376 0.21114390906292407 0.042025534732329235 0.5641352877013527 0.25 1.4 0.8882626185609042
449 188.445 186.7778609118586 0.1254050258773061 0.12431283230229924 0.15847658176817142 1.0 0.25 0.9557465595075938
450 202.97375 104.71269818531121 0.18768048810988464 0.09672739148983169 0.44219293129295645 0.5 0.3 0.9805356680734446
451 193.6785 68.48896357624024 0.19851054374065905 0.06978931208345945 0.41827695130976433 0.3333333333333333 2.0 0.9590418961520738
452 169.41075 21.97058559644512 0.2090671045671432 0.027467833617314367 0.5925199959214995 0.5 2.325 0.8899655201869481
453 213.125 1.020224355542246 0.24838599419115276 0.001197562505165717 0.25 0.5 1.0 0.9885805206687822
454 183.282 150.03289933695865 0.13689285574152235 0.11190549738206235 0.1816261151505733 1.0 0.275 0.9304163620652092
455 213.875 1.661176371178838 0.24810150856181815 0.0019407679702357196 0.25 0.5 1.0 0.9890239083526445
456 189.76475 92.42740765340628 0.14851018273928032 0.07204682777807256 0.3214367479822736 0.5 51.525 0.9372155952705734
457 213.4935 10.094075749049784 0.23774451432125965 0.011650339746021709 0.4230859597328762 0.3333333333333333 1.0 0.9941439046034374
458 182.3125 22.346274884206892 0.22245648790202782 0.027508244253708156 0.5 0.25 76.95 0.9151018364973765
459 213.5 3.404211908773436 0.24737439239143175 0.003972541099914788 0.25 0.5 1.05 0.9893252607965549
460 157.3945 19.845377498803508 0.2124046934128764 0.02724390073822971 0.5157851565338661 0.125 2.65 0.8458033981797526
461 201.536875 57.535911664390575 0.1756695630746027 0.05005533368542839 0.5042013465473942 0.25 1.775 0.9621012758918317
462 188.43675 183.10934338941465 0.12582876629338535 0.12225715595665611 0.1329503619923275 1.0 0.0 0.9536152938871589
463 200.8125 2.637906277338291 0.24515449270896267 0.0032462153849333528 0.25 0.5 1.25 0.9424430628333069
464 194.9425 167.90068627676158 0.1330931642443514 0.11455757517005515 0.21150193991032432 1.0 25.75 0.9669665120205198
465 199.375 88.25250553399424 0.15722258411826687 0.06922744306817631 0.25 0.5 0.65 0.9629121485799467
466 218.4375 0.29284735751768554 0.24964043899508342 0.0003369967073877831 0.25 0.5 1.0 0.9993116223133025
467 200.238875 92.4829296492123 0.15222753271961437 0.06973676309914605 0.12972261699506485 1.0 1.25 0.9729428441439726
468 206.751625 68.6549328735166 0.17063243503867348 0.05680996957723397 0.4025921411950129 0.5 0.575 0.983695744301557
469 199.47 135.983710914933 0.12901392214621718 0.08793762868413123 0.33446731986780226 0.5 50.95 0.9694479806812031
470 181.31725 82.69780581917148 0.1683387301775748 0.07577870985579556 0.17474036320880737 1.0 1.05 0.9173642381012308
471 214.9375 47.30159447291351 0.20073234997871156 0.04420408989095954 0.5804820237218405 0.2 2.0 0.9951618159545829
472 193.30125 167.43021164627106 0.13278369873506937 0.11494563126164599 0.19600315167598745 1.0 0.1 0.9671258292244778
473 163.0665 11.509695662261283 0.22630484091057582 0.016027070888412796 0.7765997786755198 0.125 2.6 0.8250231898699304
474 188.915125 178.8509446600137 0.12636533761620486 0.11960238672374737 0.19045581213648588 1.0 50.525 0.9459683657911416
475 216.9375 0.7550308616292871 0.24906072145818042 0.0008728917270597505 0.25 0.5 1.0 0.9958697338798149
476 199.515 73.55078654397617 0.16805251995739723 0.06145968777603839 0.2724965464663192 0.5 0.65 0.9721049193725851
477 216.1875 71.85603851541336 0.18733637763341818 0.0622653021617675 0.39623918152056026 0.3333333333333333 2.0 0.9981798569427425
478 196.5725 171.6513038433565 0.13194003665958692 0.11511780865736312 0.13666410777355695 1.0 0.575 0.9692679941014453
479 197.460625 125.00897350501437 0.13218941156788588 0.08363857138027898 0.3519751568806435 0.5 25.75 0.9682391834937686
480 184.036375 16.07655688357614 0.21774939649291086 0.018830460806824552 0.5926009941062271 0.2 27.15 0.939566664968978
481 186.216125 127.7189423768046 0.1424948945326359 0.09740265174874019 0.1453746922269583 1.0 0.675 0.9165860631827105
482 198.172 179.07155336301955 0.1267158388194091 0.11443172713482502 0.14081498448757646 1.0 0.375 0.9814972169835137
483 164.244625 27.72016316705633 0.20732935098985986 0.03522836454050576 0.4647278573606603 0.005235602094240838 1.15 0.8647841328081094
484 202.719125 118.76889145066289 0.12855321082168727 0.07521154488639455 0.28178268261485034 0.5 25.8 0.9739164214478397
485 198.08625 184.63421329644078 0.12911930474949118 0.12031065018356608 0.09318043327935219 1.0 0.2 0.9841661840686914
486 206.596 58.676820711907745 0.18948506546276522 0.05375663606953598 0.4138746330131674 0.3333333333333333 76.825 0.9739457318056416
487 208.0 9.685465892914582 0.2373566771155423 0.011132430859857633 0.25 0.5 1.0 0.9803568106309526
488 165.9835 31.02751150854809 0.20069582279761095 0.037412759490054896 0.6720788900150225 0.3333333333333333 2.175 0.8448798006094828
489 211.3125 70.79906542986629 0.18551030022129122 0.0621566848673679 0.39623918152056026 0.3333333333333333 1.975 0.986109951264632
490 166.81675 47.79087370639766 0.1826407370284653 0.05268965122966208 0.7018300800400872 0.14285714285714285 1.75 0.8613042930348174
491 187.72075 154.33325535169007 0.13619522438069814 0.11179203414143228 0.1279943428148605 1.0 0.975 0.9345488864599241
492 189.5575 53.475022053477105 0.1816122077257658 0.051105720691089374 0.5042013465473941 0.25 1.8 0.9391191528521796
493 172.31975 25.357167307992125 0.21513626889121767 0.0316676531828848 0.6162758548426255 0.2 2.45 0.9126429033708953
494 208.4375 63.50707391030349 0.19079181389471075 0.058466710442589526 0.25 0.5 0.9 0.9905220295901929
495 204.40575 64.4370561411241 0.18098898198280136 0.05703150157019543 0.40505690726686383 0.3333333333333333 2.0 0.9763013180531127
496 207.0 57.661205272734016 0.19516240730722245 0.05428256629166728 0.39623918152056026 0.3333333333333333 2.1 0.9769344624359995
497 196.00775 115.67171711723617 0.13297349192244834 0.07835516120979519 0.3055057322117306 0.5 26.0 0.9634194105496222
498 167.190375 22.84461932225502 0.2036255989957976 0.027810835366652843 0.6262283423608269 0.2 2.325 0.8402899939786982
499 195.511875 52.70497374435788 0.1959842411633943 0.05272870887307009 0.4314838795417263 0.3333333333333333 1.95 0.9481353244768539
500 185.624 132.9812231947108 0.13889932483391373 0.0991718614892069 0.12308472357085408 1.0 0.4 0.9128060001027721
501 154.798 24.80966258003118 0.2125953301896552 0.03450216875969435 0.6403177971371578 0.3333333333333333 2.175 0.8096804830815627
502 161.92025 35.94916017286344 0.18596341891500726 0.04142115492571627 0.6948650116204452 0.16666666666666666 2.5 0.880260970875576
503 186.68 176.98534258069952 0.12645334960848226 0.11986426505766098 0.14060049277645378 1.0 0.275 0.9522840016983031
504 212.445375 71.09484480667274 0.18730687360879492 0.06268681112034956 0.40505690726686383 0.3333333333333333 1.875 0.9907020161699497
505 208.5 0.8673525918926366 0.24857366903061545 0.0010418363570189725 0.5 0.25 1.5 0.9707120111724487
506 162.045625 41.047763246581624 0.18827069330245622 0.04785358756662515 0.6763213317143307 0.16666666666666666 1.975 0.8495086877173431
507 197.125 54.820824047752964 0.17538155177113054 0.04866038492863101 0.5 0.25 1.6 0.9551881886670546
508 164.97475 84.57940413652118 0.1598413995048287 0.08086112859660696 0.09028255321515039 1.0 0.625 0.8299308938874908
509 182.16175 166.88071955885317 0.1285058524524204 0.11769946679223976 0.19976634447678096 1.0 0.55 0.9323687702431503
510 197.875 76.57264442942365 0.15563460197388748 0.0602793019803232 0.5 0.25 1.9 0.954095503773564
511 196.319375 196.11481841673634 0.12498555825151245 0.12485423651651444 0.08548418768100566 0.3333333333333333 0.1 0.9909556471547863
512 189.948125 24.066404342493215 0.20958470102261514 0.0266913350098934 0.40505690726686383 0.3333333333333333 101.95 0.946274971805262
513 177.31875 26.117776927760215 0.21521442782124822 0.03177706278475975 0.5804820237218405 0.2 102.025 0.9115990690737472
514 171.612625 30.44171373485135 0.20010054150728362 0.035574352453291186 0.6501393662600723 0.16666666666666666 2.475 0.9029417414713241
515 183.125 18.291263764555843 0.22546708279388825 0.022720914406632955 0.25 0.5 1.2 0.8786820855043331
516 191.0925 192.48983805680194 0.12421890948497903 0.12513564834666674 0.14401274116935775 1.0 0.0 0.9709558720380178
517 212.75 76.2134333815506 0.16594646691306286 0.059452643547108525 0.5 0.25 1.825 0.9875907905381742
518 210.9375 62.2309830631389 0.19115235205533598 0.05633891358864415 0.39623918152056026 0.3333333333333333 2.0 0.9885891616507849
519 169.5105 27.36599751262832 0.20692553464162636 0.033494200645242264 0.6462348620485163 0.16666666666666666 2.25 0.8978119751012642
520 204.0 5.952524088901114 0.24011647545009845 0.007059716805597808 0.6462348620485163 0.16666666666666666 2.55 0.9577185079240729
521 168.96875 42.05782649514836 0.21823085019914065 0.05432247161490888 0.5 0.25 1.575 0.8674053784342098
522 211.220625 123.53987375055259 0.12569784847992715 0.07348394885448722 0.39763698931569047 0.5 0.5 0.9909285950715147
523 193.095 97.94421123627559 0.1389672428174269 0.0702549641716086 0.29196683182612315 0.5 1.7 0.9435334894522683
524 202.13375 175.65448491579428 0.12831285442190582 0.111413709142031 0.1329271614163527 1.0 0.5 0.9896916166635419
525 195.592875 165.45750494293793 0.13260859230872832 0.1121638609752637 0.2590856999775468 1.0 0.25 0.9776119408661643
526 217.5625 0.7748012800942173 0.24891998228840395 0.000892596646071712 0.25 0.5 1.0 0.9983684845045026
527 196.09525 61.81730892586589 0.18268706905639343 0.056161420921197275 0.06601242516954928 1.0 0.35 0.9404624734348264
528 184.649 180.83288103211834 0.12305628940945934 0.12062497040464173 0.4491798594998866 1.0 0.375 0.9455899815303555
529 215.1875 71.73027384806325 0.1872260781462898 0.06240967032879524 0.39623918152056026 0.3333333333333333 2.0 0.9951813561931174
530 193.8125 18.91076274222356 0.22866656413342804 0.02249101514828661 0.25 0.5 26.6 0.9333228073084853
531 179.369 67.1436241968417 0.17103908323646913 0.06272246429220116 0.10062912905379592 0.3333333333333333 1.1 0.8940105056243758
532 157.6035 22.143307737371586 0.2158239848622276 0.03036673260807849 0.5209950979734285 0.25 2.55 0.8290730367614401
533 175.101625 24.150090022878008 0.2018087840763694 0.027840284746592805 0.7499884583165596 0.125 3.0 0.848230762673886
534 198.9375 9.253799885550336 0.23859121516975285 0.011186713828493733 0.25 0.5 26.3 0.9517669696093659
535 212.349875 70.61086897299786 0.18635159126839598 0.06196669528372162 0.4050612527601375 0.3333333333333333 51.9 0.9914847076375272
536 199.111125 133.8711503976782 0.12802371930748227 0.08605163427986691 0.32892364517708433 0.5 0.85 0.969408900204133
537 185.22 51.414437411204815 0.1905481212737933 0.05302178619643622 0.5845072533257685 0.2 2.45 0.9382583004304635
538 208.103625 64.5790373021909 0.188469388979984 0.05846133329555331 0.4138746330131674 0.3333333333333333 1.925 0.9715792463016387
539 164.416375 31.11956323228792 0.20692377263391415 0.039304299334988954 0.6763286852079059 0.14285714285714285 2.5 0.8703073071284247
540 194.165625 176.0296198948928 0.13016872135645793 0.11796269693569095 0.1710280845478476 1.0 0.0 0.9656938405472727
541 212.4375 44.01374881079161 0.20477355548660156 0.04243680636886646 0.5804820237218405 0.2 2.075 0.9885425693289773
542 167.740375 16.32019659517754 0.22239589688229108 0.021600612876385514 0.6618527728999528 0.16666666666666666 3.025 0.873598519339955
543 160.674 43.735262768318705 0.17829799576466518 0.04854490464351638 0.7018300800400871 0.14285714285714285 2.7 0.8045529749860292
544 195.10375 79.59823253396667 0.14673066329696008 0.06002621758366964 0.469365009154673 0.3333333333333333 1.725 0.9515760837730775
545 191.816875 195.97639772592555 0.1219431587296944 0.12459350372795248 0.09129237441099068 1.0 0.175 0.9850431893171484
546 183.09375 25.689549748028966 0.2128365946560922 0.02986612381738984 0.5804820237218405 0.2 102.175 0.922303118634994
547 197.016 164.61045571035496 0.13138418933351018 0.10966455764107232 0.19088441851887417 0.2 0.375 0.9764606352570687
548 218.3125 0.6427590182938037 0.24935309019115018 0.0007392126465083193 0.25 0.5 1.0 0.9987457396280225
549 195.8225 160.6667715484121 0.13764870878332022 0.11293999781331202 0.3726121350008926 1.0 0.525 0.9677589736073662
550 193.0295 166.23734625305397 0.13191067409599302 0.11354133264962615 0.19013685491056198 1.0 0.7 0.9555383917072995
551 163.56375 23.76894974113681 0.20710243919346186 0.030121388498998 0.7132135916482789 0.14285714285714285 2.95 0.8440384884263019
552 199.1185 137.78697932209917 0.12628462855430528 0.08738229896011943 0.3318235098812279 0.5 0.7 0.970012734229218
553 188.74 112.68451387787697 0.13706822453239603 0.0816927578287482 0.2968334294452776 0.5 75.525 0.9265528844609241
554 189.199 118.96372758147423 0.1488820972324526 0.09313923517456632 0.13469032204931308 1.0 0.575 0.9502079693816845
555 173.585625 45.49915903525162 0.1750550954030712 0.04501871545997867 0.2584055900805696 0.5 1.2 0.9176437920320696
556 161.768875 84.16523482609753 0.16094650129829485 0.08261689689329836 0.10054229200776761 1.0 1.25 0.8139486600087572
557 173.05075 88.09842404979045 0.1588754454571057 0.08001389102476457 0.12274912379973875 1.0 0.975 0.889435722683069
558 194.4795 131.1432900960319 0.12817482234582991 0.08629903065239512 0.31709367127414684 1.0 0.0 0.9670585675268721
559 214.526625 121.81196112750241 0.12604736055073285 0.07156516945512846 0.41387026118324943 0.3333333333333333 1.5 0.9967369690090048
560 200.85075 135.53022624521213 0.13193275066731766 0.08900714391509183 0.32892364517708433 0.5 50.975 0.9832512274804293
561 199.05 128.4635920652675 0.13076859700945187 0.084318734226292 0.29128052470395305 0.5 0.5 0.9683714486144541
562 183.40625 25.70594720194767 0.20133946750270335 0.028129912450367875 0.5804820237218405 0.2 2.1 0.9275076585473996
563 192.363625 44.12154888111954 0.1798971555826381 0.040478443176445424 0.4172813231396823 0.3333333333333333 76.7 0.941354502372762
564 210.625 4.82446184497216 0.24092754216854584 0.0055580568961842314 0.25 0.5 1.3 0.9874758073814955
565 207.41775 106.3360467777306 0.16461977743419287 0.0835862773502935 0.026003104211196205 1.0 0.35 0.9840252779660049
566 204.727125 84.75716239199983 0.1642295452171626 0.0678057936360426 0.3902777354750005 0.007042253521126761 0.35 0.983438725904926
567 208.1875 83.92007715696958 0.16543514287574926 0.06629216928314521 0.25 0.5 0.3 0.9819233227033717
568 198.5515 108.90792456668682 0.12827217557465218 0.07033170693561108 0.41827695130976433 0.3333333333333333 27.1 0.9646834410408677
569 203.5625 74.003853360986 0.18302324209300502 0.0669237221366213 0.25 0.5 0.9 0.9787827867137946
570 201.010125 134.86232551961484 0.12884475297032055 0.08638934471717966 0.3119496602671787 0.008130081300813009 0.45 0.9749256918169809
571 211.9375 17.69578296396975 0.22683982563061186 0.01905664003238888 0.0 1.0 0.0 0.9950490910724323
572 211.5625 122.58024784361098 0.12477720220847345 0.07229835495594014 0.39623918152056026 0.3333333333333333 51.5 0.991908555082855
573 186.913375 47.01133932104705 0.2165383985040901 0.05446381767586271 0.5083969222530681 0.25 1.75 0.943442170967058
574 205.21375 67.74470416278908 0.17924270195117542 0.05916646309789044 0.4006502171403489 0.3333333333333333 101.725 0.9747370642552221
575 190.244875 183.21613517814222 0.12725919300974095 0.12253421717286256 0.15196380943966156 1.0 0.125 0.9677578444700994
576 208.913125 40.435942659120514 0.20542846391142 0.03972554493436952 0.5041955757056741 0.25 1.05 0.9862606274865872
577 208.85075 70.32435806289016 0.18376542067213 0.0618814755070579 0.5338391188642037 0.3333333333333333 2.1 0.9447531858962341
578 206.375 4.422450265307669 0.24131205452152676 0.005209773775437842 0.25 0.5 1.0 0.9687032405534312
579 202.4925 64.11536624224263 0.16876555929342446 0.05339631076649709 0.5084026930947882 0.25 76.575 0.9615267522245488
580 173.934 114.9800522063109 0.14358532426014614 0.09443519419024624 0.1508010954600153 1.0 1.4 0.89488525259831
581 192.4375 4.330581808721181 0.24384874265027645 0.005535272602481797 0.25 0.5 1.35 0.9296261587528953
582 176.74875 3.37164038024218 0.24333930559541986 0.0043302104549464695 0.6883931514289191 0.14285714285714285 2.85 0.9138614706776005
583 186.673 119.18130313574976 0.1503223181292464 0.09553022617603575 0.15098335944831545 1.0 1.35 0.9308879309696106
584 195.02725 171.74084399577322 0.1318726206264422 0.11601478738109426 0.09655703691748109 1.0 0.45 0.9717374343683308
585 198.100875 163.314171279137 0.13194049801565388 0.10867421105910863 0.20598316804816932 1.0 0.45 0.9760649690322769
586 173.197875 36.896406271362636 0.18958885004867024 0.04042960606755049 0.5084026930947882 0.25 2.375 0.9026024376876046
587 195.1315 179.55061242296478 0.12896736010336113 0.11866138157452479 0.19519216293534133 0.3333333333333333 0.175 0.9765365379366776
588 199.33375 89.84771007237286 0.15481693652119705 0.0694160135027226 0.2668053861895767 0.5 25.725 0.9620265023494861
589 159.908375 15.441784913330093 0.21869562378035817 0.020442695413863055 0.525022496770105 0.5 101.675 0.8428699008531958
590 190.812875 189.22180854432705 0.1253276930110617 0.12428656216115361 0.13227728582564413 1.0 0.0 0.9667128810356824
591 196.38575 131.84184521242162 0.12855550413408048 0.08626183799599631 0.29989314067423567 0.5 25.825 0.9560956334105775
592 188.0 20.156312981313924 0.21387765271517714 0.023114087595762483 0.25 0.5 1.375 0.9369033435701322
593 196.8375 156.20572112056092 0.13840805195629927 0.10966608114933718 0.141600254716141 1.0 0.525 0.9678998797100539
594 182.23525 64.9249222675792 0.18468635918477003 0.0643300627388466 0.16865884575647155 1.0 1.125 0.9438096559713205
595 182.2815 4.127250695119337 0.24109736629283968 0.005484241722131591 0.7336755186405717 0.14285714285714285 102.325 0.8593511478357252
596 165.73525 52.0536392995403 0.17362504597112907 0.054874281379953586 0.5115261841317795 1.0 25.825 0.8862602306493628
597 214.375 19.990104081674815 0.22994028367071812 0.019762495547855502 0.0 1.0 0.05 0.9960865426621123
598 165.112375 20.121626408137345 0.22010546684209925 0.027018307573858497 0.6213656927222109 0.2 102.325 0.8643786964640514
599 192.688125 153.19835747055924 0.1385821973153185 0.11000925795396567 0.1505447975505682 1.0 1.35 0.9469765070230196
600 207.25 5.986399651115866 0.2409241356443922 0.007010544931972558 0.25 0.5 51.275 0.9694479806812039
