0 207.076 38.309219697485425 0.20952048024761843 0.03874684433148923 0.6047126780281138 0.2 2.0 0.9865619799304969
1 200.277375 58.5923532315505 0.19303225060673207 0.05643005167003183 0.5055472021659381 0.3333333333333333 27.05 0.9764054019532581
2 187.7025 104.46335444229496 0.13735146652052332 0.0763677218968541 0.42792894245573726 0.5 51.35 0.9733212284047562
3 218.8125 0.0625 0.24992812113235005 7.18788676499778e-05 0.25 0.5 1.0 0.9995002498750625
4 218.125 0.3472572564314453 0.2494243023921335 0.00039983034368372595 0.25 0.5 1.0 0.9992173085324225
5 183.959375 93.31763182319509 0.16928560293501208 0.0857448811884694 0.5072136882524744 1.0 0.4 0.9724810453588382
6 196.495 56.18998996525955 0.17637646787329936 0.05033939834912134 0.5423402480493734 0.25 1.8 0.9726892131591347
7 194.2965 89.63468938262938 0.15220966002547795 0.07026349419152796 0.5500206956242488 0.5 51.1 0.9800261478292394
8 199.2765 71.53647854952098 0.16693870783018913 0.05993169755619947 0.5469469024020349 0.25 2.0 0.9719749125264282
9 168.728125 137.77206235233066 0.13112344761951827 0.10702686927829536 0.28227229656843705 1.0 0.6 0.9672190138680928
10 214.0625 1.8306962275760799 0.24745331294555528 0.002131339155308312 0.25 0.5 1.1 0.99354984069762
11 171.117 134.16074683475878 0.13603490604427565 0.10657417205826006 0.2773250828467682 1.0 1.1 0.9704918149783548
12 197.0775 56.89900444687983 0.18791011820598974 0.05420114787209926 0.4464465588963557 0.5 125.9 0.9719553722878936
13 208.6875 3.554176909596181 0.2462113040982864 0.004224531918855563 0.25 0.5 100.9 0.9876557939612526
14 209.8125 3.0038223598483453 0.24681518592316826 0.0035597047462876215 0.25 0.5 1.25 0.9884005340890253
15 202.068375 63.09328928781717 0.18817039595357277 0.058742471576879514 0.4552586793561417 0.3333333333333333 51.95 0.9826485225926094
16 168.741 118.53064001700781 0.146191390567629 0.10254045523805075 0.33987915680784364 1.0 0.0 0.965869310577971
17 188.228625 82.58025073126679 0.17341634072558762 0.07602147913352666 0.4226235336089277 1.0 0.05 0.973916421447837
18 178.46975 120.53846072634326 0.13061610432858056 0.08816501419845162 0.39856962976415794 1.0 0.6 0.9700766085150297
19 172.7585 135.5266045983584 0.13740822901454294 0.10777828380534062 0.35865212268504365 1.0 0.275 0.9685025845978712
20 209.125 1.7919105951552468 0.24709850646630582 0.0021330291282718773 0.5 0.25 2.1 0.9846291119910898
21 167.5365 139.69704114307243 0.12821050849619112 0.1068311312490092 0.3153641777120598 1.0 25.725 0.9615244939500169
22 198.0095 60.00172392177585 0.18957623675385396 0.057410752009950695 0.4511031801716442 0.3333333333333333 176.8 0.9736714314450038
23 185.614625 94.13237090979065 0.14295537338097916 0.07236213515064135 0.4194782763471789 0.5 51.05 0.963664400552456
24 197.551875 59.10092598941419 0.19181276853072984 0.05733148029546216 0.45486518501996365 0.3333333333333333 2.0 0.9771599122002993
25 173.949625 139.19729517911108 0.1303801574955067 0.1043011227319439 0.313602935980607 0.25 0.6 0.9698609288699969
26 186.623 81.63303415504552 0.1559850546644496 0.06830568418978117 0.3953554400711765 1.0 0.25 0.9650704662836538
27 165.491875 145.94222833633 0.13243781276957114 0.1167636570043353 0.20669339840258774 1.0 0.4 0.9768563014818573
28 214.5625 1.7875316839488955 0.24731561199540192 0.0020749961557757542 0.25 0.5 1.0 0.9938609632607975
29 164.261875 141.0882110225685 0.13424105267759548 0.11524648172461258 0.20669339840258777 1.0 0.3 0.969105289485692
30 181.1205 90.23916871110899 0.18776735627062532 0.09350472671418904 0.5434677340450292 0.3333333333333333 126.75 0.9599027485737863
31 207.416625 9.622338440624935 0.2375653805112478 0.010828264926066661 0.25892944844210597 1.0 0.25 0.9875051177392972
32 211.8125 1.5077900345241797 0.24742615172237384 0.001774118645899009 0.25 0.5 1.175 0.9902868097066251
33 197.451 59.97085677855509 0.17280591427578895 0.05242960337985808 0.5685726064028743 0.25 26.975 0.9717472044875988
34 185.86375 119.93095646116403 0.13059359697934342 0.0842357421038687 0.4089160467180919 0.5 25.85 0.9801768240511932
35 185.5705 113.2860329326285 0.1343370642793264 0.08197611537542938 0.4409354898538138 0.5 101.2 0.9777148956290456
36 169.6555 137.78295491877557 0.13737417724536277 0.11144328782806895 0.2947164831610336 1.0 0.525 0.9585737146594641
37 184.08025 75.80247184351677 0.15708711402240158 0.06434911111477902 0.44748494111275233 0.5 101.075 0.9526601276845621
38 162.10425 139.33569803780173 0.13350012163317826 0.11464040032565923 0.2457974298269767 1.0 0.2 0.9584587315027842
39 171.26925 139.87380372631128 0.13239872134584948 0.10808066225670308 0.29026704415948223 0.25 0.575 0.9705395364374269
40 158.212125 152.4252829431554 0.12735391645841587 0.12267227414157546 0.28774673917601806 0.3333333333333333 0.3 0.9637587143333337
41 164.124375 142.1741285789718 0.13343695176803602 0.11554371824194094 0.20669339840258774 0.3333333333333333 0.3 0.9700766085150294
42 214.8125 1.3072820881602043 0.24753398597102882 0.0015170662026350987 0.5 0.25 1.55 0.9939270958211399
43 174.01025 134.172242322746 0.13944894056341767 0.1074573861005503 0.3235618213921163 0.2 0.75 0.97443345353678
44 167.087625 127.07597038908908 0.14203299621806323 0.10788010372532644 0.3531312222503735 1.0 25.975 0.9468051614252636
45 202.08125 66.43105882844232 0.1850394079668165 0.06082060045953468 0.44167761198335154 0.3333333333333333 101.9 0.9883246314094144
46 197.7185 87.2792113198677 0.14326617205235842 0.06323266093641268 0.5327039157750214 0.3333333333333333 26.2 0.9751240894980088
47 175.83625 123.1998280992947 0.12980791577328238 0.09093242532937333 0.403553631545878 0.5 26.025 0.9707465751004578
48 202.40825 65.13707220613999 0.18834961924405355 0.060600722312861274 0.44030459370494157 0.3333333333333333 51.975 0.9826485225926092
49 169.50625 136.78858460477193 0.1335162841413724 0.10769489945850866 0.2749321824558274 1.0 0.25 0.9708690701018747
50 206.9375 3.8756114979315637 0.24340812822240437 0.004592806701587799 0.25 0.5 76.025 0.9841477729674226
51 187.865 93.85154001247231 0.14028887121595182 0.06992097517962179 0.4437863169205638 0.5 0.85 0.9740561984132616
52 191.447375 38.81525730194726 0.20700906730734323 0.04174773272334852 0.25883748285219654 1.0 0.35 0.9603006730731087
53 180.408125 99.90147237252316 0.18333335217598212 0.10145352089342799 0.5053090209787341 0.3333333333333333 26.725 0.9706902126593828
54 189.62725 113.74736520465935 0.13917773417051366 0.08345360926362537 0.43231118273141356 0.018518518518518517 51.025 0.9841943652892284
55 193.021375 109.88673856305998 0.1259500113109878 0.07168670046525571 0.4586413965574301 0.3333333333333333 26.675 0.972662161075861
56 192.854375 51.603219133485005 0.1953999698312982 0.05218892605101259 0.4741588008018038 0.3333333333333333 126.6 0.9564533482955629
57 202.742625 11.306111234968313 0.2366739015489831 0.01275462252766871 0.2245737239586223 1.0 0.0 0.9777453351241142
58 205.2375 46.53301478569082 0.18400542746629062 0.04133690708242183 0.2547027950402848 0.5 75.725 0.988033049084772
59 194.805 63.93070411703914 0.16166390041493775 0.05305452623820675 0.26480247752233793 0.5 26.275 0.9782157748912491
60 160.888 145.97533239236404 0.12804795965116167 0.11613897486378276 0.2387808201987691 0.3333333333333333 0.35 0.9663517787389017
61 171.095625 141.58852583810267 0.1306585711301832 0.10810057956046029 0.26401065398503654 1.0 0.75 0.9744150424355097
62 200.751375 65.9684791727842 0.18533640071169272 0.060897201472138576 0.4460666535287794 0.3333333333333333 27.0 0.983138502598279
63 192.3285 71.65447394088477 0.16171947122892283 0.059860281732043046 0.4110337570119205 0.5 26.75 0.9702370548562533
64 199.12525 63.26656954214425 0.18932960486799988 0.06014373637946963 0.43726641542333244 0.3333333333333333 2.0 0.9739641429069109
65 176.039 102.8456669553938 0.18357346422347764 0.1072569748676126 0.5079095001895603 0.3333333333333333 1.7 0.9687182642429039
66 196.1875 22.74829388753515 0.2190601058297134 0.02550327288227913 0.25 0.5 0.5 0.9672689936016966
67 184.756625 102.03960959227084 0.14014258532039445 0.0773409948152282 0.4358419695357361 0.01639344262295082 50.775 0.9640611959145092
68 166.954 142.88305647788286 0.13323283710740572 0.11396404434388112 0.28221300708918173 0.5 0.2 0.9644948134791044
69 197.354125 61.093367436169196 0.1866204599186463 0.05775692120668675 0.45016269612580617 0.5 0.45 0.9691173178794907
70 180.38075 122.77217057073891 0.1313049511253888 0.08936758558263073 0.42724378868623053 0.5 25.675 0.974593899878002
71 199.08725 64.96765756347517 0.1878732183417413 0.06129995817674639 0.45424710921923567 0.3333333333333333 2.025 0.9742752654700885
72 199.83375 24.762557642551112 0.22185455593742887 0.027611380706245532 0.10960443748492843 1.0 0.275 0.9774623937814745
73 168.818 135.66825264474608 0.13868228059366658 0.1113446702226791 0.3095534155643154 1.0 0.825 0.9631841906660517
74 205.0095 39.015628683557786 0.20960536010050096 0.03988197665976075 0.6107700578759788 0.2 2.25 0.9817151549030769
75 203.402 11.815831403925657 0.23566245951635095 0.01278139198544887 0.23307168784163512 1.0 0.175 0.9812815373384819
76 161.1035 144.71402153988817 0.12656206838984924 0.11359872052146917 0.2948619068256656 1.0 0.35 0.9593455068705088
77 200.274375 64.71601215991024 0.18696889149095547 0.06041340368739859 0.46388650905526674 0.25 2.0 0.9752747657199631
78 216.625 0.657512839921113 0.24942026947413917 0.0007623605288954628 0.25 0.5 0.875 0.9980855431618625
79 182.07375 129.6807854847182 0.14539763881481363 0.10352802664095748 0.4113898140559899 1.0 0.175 0.9797432064865977
80 193.735 73.80493100282301 0.16756189774442393 0.06345327445301659 0.35757664646771636 0.5 51.1 0.9755468078060718
81 195.3525 64.57841265998114 0.1703338633260141 0.05666792488785777 0.2547027950402848 0.5 0.3 0.9833369002793061
82 168.468625 136.1648484136035 0.1351907500791331 0.10917814328061516 0.26178276276928275 1.0 0.8 0.9635516756703044
83 185.635625 113.79232885304728 0.13535742767976164 0.08284613251692946 0.3579641208190003 0.5 0.5 0.9756411215869489
84 202.237375 8.480586784856172 0.2383647076997329 0.010050850578429372 0.27041571746235943 1.0 0.375 0.9812999484397521
85 165.166875 136.69665531975514 0.13466565865352345 0.11136425844582061 0.20265483602375306 1.0 0.225 0.9485028094811038
86 197.312375 64.80239102500985 0.18575619960464848 0.06098255332758525 0.4338997598782457 1.0 25.825 0.9718144661852058
87 197.901125 66.92162120060308 0.18570633640800055 0.06279528758037453 0.4578634241026974 0.3333333333333333 2.0 0.9752931768212335
88 172.646875 137.21822861989958 0.13560697212047945 0.10773204027852634 0.31259588287222145 1.0 0.35 0.9758763414705175
89 206.306375 12.988123665831292 0.2342072804029663 0.014479605225180847 0.24116192146901544 1.0 0.175 0.9861001811453644
90 215.125 1.717304855353099 0.24753762423298473 0.0019899808730419375 0.25 0.5 1.0 0.9962654001046051
91 177.575375 46.063954537056276 0.21590245303614058 0.05601470034899521 0.5295757734948772 0.25 1.85 0.9415743064507279
92 204.058125 10.147446327344948 0.2370699585392736 0.011554697947235428 0.26365245878845456 1.0 0.0 0.9842420867483023
93 181.584375 45.17373501534344 0.18459982827677782 0.04571510215190426 0.530399546826069 0.5 0.75 0.9523587752406539
94 182.008125 95.64153646096541 0.18441914980662188 0.09688203351255516 0.5308181863918613 0.3333333333333333 76.975 0.9697752560711196
95 174.640625 42.05859472626167 0.21626777780886453 0.052075888465694595 0.5590573204601099 0.25 126.7 0.9340780545766653
96 211.8125 2.5387578051305684 0.24612306918030818 0.0029713474350019187 0.25 0.5 1.0 0.9909090548329802
97 164.716625 142.1778531488236 0.1334952492259301 0.11516030758469134 0.2946961594096466 0.25 0.15 0.9694164120488694
98 178.598 111.29391581210572 0.13238404086987354 0.08244464659209658 0.40250650008290106 0.5 50.85 0.9604209097999947
99 215.25 0.5404933234692734 0.24898071092760785 0.0006296216437864415 0.25 0.5 0.9 0.9952095374136549
100 197.666875 43.587349054837 0.20401492071571772 0.04279516218688744 0.05368975888681187 1.0 0.15 0.9837607477246352
101 164.69 141.8466020265396 0.1337437966098483 0.11514035957960571 0.20669339840258777 1.0 0.2 0.9686434907005592
102 193.970375 94.23154633183525 0.1358832172079636 0.06592114314643555 0.4689122295227428 0.3333333333333333 26.65 0.9634975715037605
103 166.655 135.601569419333 0.13394294323034284 0.10891038375250794 0.25620186260254185 1.0 0.45 0.9596859397914889
104 173.462 114.24202260612286 0.13163977444855385 0.08666268632334419 0.4040204823203554 0.5 100.45 0.9550082020872931
105 195.993125 57.86252017732503 0.18911233452325557 0.05577887294865207 0.4457141386262163 0.3333333333333333 51.95 0.9701352292306363
106 188.731125 47.19254437481031 0.20032418963081483 0.04993091043976415 0.4532515620099859 0.3333333333333333 26.775 0.9678510291137172
107 184.381375 99.14919285892654 0.14578728293779358 0.0783063781701115 0.480303878506438 0.5 126.0 0.9653436375070249
108 192.534375 50.5516640331385 0.1893556126674919 0.04810465276137943 0.03813183212719548 1.0 0.1 0.9749993362220626
109 203.33825 64.49350231129439 0.18970381654915314 0.060159298130162915 0.44984913443486707 0.3333333333333333 2.1 0.9814419836797036
110 193.0505 106.50147175089288 0.12789356337450666 0.07053304661297938 0.4608935143822407 0.3333333333333333 26.6 0.9693904891028635
111 194.779 56.83921234926291 0.18695086067759595 0.05447833690192963 0.3779140399039378 0.5 25.725 0.9751804519390842
112 186.9375 17.319674795543616 0.22700889472974528 0.019946985552395546 0.0 1.0 0.0 0.9747359351179574
113 218.25 0.5404933234692734 0.24899485980213354 0.0006208817898256307 0.25 0.5 1.0 0.9990286809706624
114 184.853375 88.85398505866635 0.1476756849964325 0.07085667607081374 0.48732473558130707 0.5 0.825 0.961288144929185
115 216.875 0.42491329784275705 0.24942094557374753 0.0004920958517787503 0.25 0.5 1.0 0.998151675722205
116 194.8555 57.38335449701463 0.19119522246482107 0.054951725588387304 0.19105140596382258 1.0 0.525 0.9760942793900811
117 200.506125 61.53573240587674 0.1903924184462358 0.05840068170696718 0.44369808804111976 0.3333333333333333 2.0 0.979178452938584
118 189.799125 76.51859004929103 0.1641896042131076 0.06589451337074952 0.5035441230810795 0.5 126.35 0.9612231415061074
119 174.2715 39.97388358968878 0.21982640861869276 0.050405647607764496 0.5642924438124937 0.25 27.0 0.9311077350475778
120 172.816875 126.22956466832129 0.14447781775822904 0.10540335566973065 0.31249019802224437 1.0 0.175 0.9651170586054595
121 196.895 58.584462038712424 0.19263899631220902 0.05725115982883748 0.4206748711186144 0.2 26.725 0.9802624968500718
122 190.916875 28.217437580186175 0.2134737370585265 0.03170955022407618 0.19902762301278323 1.0 0.0 0.9564815295161011
123 213.8125 0.7341894798715574 0.24890085475327103 0.0008608171694620652 0.25 0.5 1.0 0.9941059532636326
124 218.8125 0.0625 0.24992812113235005 7.18788676499778e-05 0.25 0.5 1.0 0.9995002498750625
125 201.807125 65.60186438259208 0.18746881991392034 0.060935816841301844 0.4501031801716442 0.3333333333333333 2.0 0.9795654781813713
126 180.064 115.2637032941535 0.1338500901630229 0.08560932132887772 0.36832574219938113 0.5 75.925 0.972659902801329
127 200.395375 73.21595976996127 0.1652739815966749 0.06039429146391751 0.533777167339096 0.25 52.025 0.9769724137758036
128 192.545625 39.03330258931921 0.1963968674984237 0.04001466791855115 0.24240264443862483 1.0 50.925 0.9743782202329722
129 166.750625 145.17736008220854 0.13361673440657368 0.11628880157405692 0.20669339840258777 1.0 0.5 0.9786384931993098
130 197.741375 27.634966631711745 0.2165845479196804 0.030367121760261177 0.2583268071115699 1.0 0.0 0.9716344796054495
131 166.0675 143.9937519270093 0.13327583622847594 0.11551529907573459 0.20669339840258774 1.0 25.2 0.9708029375415317
132 212.0 1.7081818051938922 0.24692045493827655 0.002003970606746935 0.25 0.5 100.9 0.9887691482305422
133 177.4455 83.39820093576385 0.15511422073359682 0.07314842191625145 0.4725924070253559 1.0 25.45 0.9576673990532042
134 203.062625 40.867282403824476 0.20616309056181176 0.041487491173877615 0.6133955396571311 0.2 2.0 0.9774060313403989
135 200.66025 65.64946947206612 0.18794769180990067 0.06148455462131519 0.46539628405959377 0.010309278350515464 2.075 0.9830441888173992
136 202.183625 69.76871340337375 0.18264547586837698 0.06302855428332262 0.45745629330503473 0.5 50.55 0.9872405874979265
137 187.125 56.92324461860146 0.18328568248953894 0.054028922151892374 0.0 1.0 0.1 0.984033918948008
138 183.06875 110.7318585282604 0.13380306161036779 0.08087556261517176 0.4185326181526572 0.5 76.1 0.9694077710668674
139 165.888125 142.24268847873063 0.13451554980989655 0.11528486906713019 0.2049200873198906 1.0 0.6 0.9717081240105269
140 170.9225 137.92389123360795 0.13783863449504666 0.11120773536407137 0.3480103517295041 1.0 0.675 0.96787056935225
141 181.763875 115.33369317173101 0.13305671623191534 0.08438935867044318 0.4002971007695044 0.5 100.875 0.9737071245102777
142 206.875 3.3319108675255067 0.24514957614159585 0.0039781581937766266 0.5 0.25 1.95 0.9795654781813721
143 196.65175 63.95639800842296 0.1728085604455917 0.056163895197516266 0.5550752061274487 0.25 1.725 0.9656754294460034
144 179.74725 82.59382561542706 0.19665837500680403 0.09029527279448396 0.572402719972928 0.16666666666666666 51.75 0.9556499874521845
145 203.703125 38.90036433374444 0.209811658396452 0.04005591285922841 0.6157951417457742 0.2 151.925 0.980422943191294
146 204.25 4.824363994341007 0.24281243540938813 0.005779235666565915 0.25 0.5 1.275 0.9749354619362495
147 193.132875 104.99314071940685 0.12958793382316042 0.0704186371302584 0.4477912812642794 0.5 25.5 0.9720496860687733
148 190.164 42.57404318028501 0.2022563082929125 0.043779380079900385 0.26778229006932297 1.0 0.525 0.9692950461847175
149 203.388 66.66829170809132 0.1875827762321821 0.061483335906966016 0.44985806767380765 0.3333333333333333 2.075 0.9856567934615015
150 176.2185 123.9761208915937 0.12446410260201622 0.08756145658347196 0.3683257421993811 0.5 0.65 0.9699248031558091
151 200.787375 111.34518580651452 0.12756896170100557 0.07072771265979097 0.46594673865434155 0.3333333333333333 76.65 0.9902011369077468
152 198.42975 65.24714228950471 0.18666325566058628 0.06136663522035353 0.43627529368675455 0.2 26.875 0.9815069871027816
153 209.9375 1.814741372963827 0.24762349065210001 0.0021563798466835574 0.5 0.25 1.5 0.9864774362688848
154 199.45075 62.42398443934156 0.189368704370417 0.059251678030474396 0.43387737387790454 0.3333333333333333 2.0 0.9782071339092463
155 194.0155 61.001793181534275 0.18157297593834437 0.05708242094151159 0.43095432952235524 0.5 0.3 0.9675139836045309
156 214.1875 1.3682248732060536 0.24861179323608826 0.0015994512965431973 0.5 0.25 1.5 0.9921167228831498
157 168.70725 135.13341606699277 0.13346028824877965 0.10684609224678834 0.2741151256577648 1.0 0.525 0.9704820448590873
158 187.81125 81.62199984836785 0.15358061696449138 0.06686675219094591 0.5353277702960582 0.5 26.05 0.9667301629996896
159 183.189 60.79054791172698 0.1689992198629487 0.05621602991631596 0.304025471927481 0.5 1.25 0.9231121251646993
160 197.105875 58.346513909521704 0.1909814783409308 0.05648305124861124 0.45246726521111363 0.3333333333333333 76.925 0.9745852588960014
161 185.82925 103.83613363447087 0.14312628108248232 0.07988668129304606 0.44366669790117536 0.5 1.05 0.9673621782453095
162 165.55 145.0308289544234 0.12573901525477663 0.1101053921524047 0.27899525521260177 1.0 0.45 0.9752909185467022
163 192.966125 103.31852972853542 0.12976079526049522 0.06946270712624528 0.5131896392830911 0.018867924528301886 176.475 0.9644591204138301
164 184.271625 121.34940925111978 0.1285171534165588 0.0846137796579066 0.41410922415222867 0.5 26.4 0.9763197291543798
165 188.42925 90.27698833525467 0.16555077770721113 0.0791727520860736 0.4791607516130155 0.5 0.675 0.9598756964905149
166 215.375 0.5878827113777235 0.24934425080388314 0.0006854117973627887 0.5 0.25 1.5 0.9947097872887174
167 212.5 2.5882215410590708 0.24506368563203962 0.0030061959480529275 0.25 0.5 1.1 0.9913242612963049
168 188.40875 112.26177009480871 0.13943718184054213 0.08300924012639271 0.390216944447022 0.0625 25.85 0.9839764273696663
169 213.1875 1.6099631127685903 0.24809538824831995 0.0018870373579528232 0.5 0.25 1.6 0.9919844577624649
170 163.706875 144.15985929191177 0.1326823306819972 0.11680792442041245 0.2107056892872673 0.2 0.4 0.9692755059461816
171 179.275875 94.90138177770376 0.18662354371391462 0.09871756616100648 0.5231772123907295 0.3333333333333333 26.55 0.9668515288638404
172 174.267375 119.70924146434417 0.14712415547371233 0.10088718364169207 0.3563519725206217 1.0 0.85 0.9563763164786867
173 200.729 70.63133582057982 0.16778703040241938 0.05903173631514742 0.5423343352985693 0.25 101.575 0.9734080303408985
174 212.6875 1.0405607663377459 0.24874838422655457 0.001225774971137764 0.25 0.5 1.0 0.988184854443992
175 197.17575 59.89624381578881 0.18903526402830742 0.05739358658775136 0.4718039850849191 0.3333333333333333 2.05 0.9679107789665857
176 164.321375 148.7248847522206 0.13132506908982977 0.11883273278035308 0.2866941957923559 0.5 0.65 0.9701427410753718
177 202.53625 66.03497446762437 0.1876459034279863 0.061166657973377454 0.42166615379542277 0.3333333333333333 2.0 0.9857413371231144
178 172.964125 127.00668446371603 0.14262417070433048 0.10461899216719232 0.3237835202723938 1.0 0.975 0.9602138711369644
179 192.386375 58.77363806388072 0.1860725315240102 0.05657385915472588 0.443213599398291 1.0 0.65 0.9718133370479416
180 218.75 0.10825317547305484 0.24985624226470002 0.0001244978507602805 0.25 0.5 1.0 0.9994059360941824
181 202.6875 4.241487138447285 0.24229467594085305 0.005109754480488641 0.6462348620485163 0.16666666666666666 2.55 0.9687118815354343
182 207.875 14.458443301634528 0.23384597944007515 0.015554882793008974 0.19773552617222623 1.0 0.2 0.9875148878585644
183 164.98125 137.27982942541794 0.1345554926785677 0.11187805501981572 0.20669339840258777 1.0 0.2 0.9576771691724714
184 182.330625 126.07186892673589 0.1281888250586295 0.08854850695954505 0.33186122978861904 0.5 50.5 0.9829205646787151
185 199.582875 53.630927957675475 0.19587902879015168 0.050975129486450485 0.12158450466668125 1.0 25.225 0.9839677863876647
186 166.945 145.81673820746252 0.1333576325063537 0.11644125403676592 0.20669339840258777 1.0 1.075 0.9807979400402823
187 175.578375 132.16125250543777 0.1425922938771037 0.10727102223579697 0.32858209163243834 1.0 1.15 0.9733775908458301
188 206.7485 19.53271770342428 0.22633656902406502 0.021556117593246747 0.25751805434355274 1.0 0.25 0.9843277595471794
189 216.5625 0.2613462843970035 0.2497822620074514 0.00030352213233297723 0.25 0.5 1.0 0.9977462393781474
190 193.141125 93.27642203618775 0.13624783165305013 0.06572452918307087 0.5052039445595504 0.003134796238244514 1.5 0.9586886978161452
191 170.245625 119.2135494561402 0.13351315655277154 0.09338896301976655 0.37573764395381526 1.0 1.025 0.9502372797394845
192 179.91725 117.6655281834961 0.12976877285710128 0.08481453674184376 0.3682948831884101 0.5 50.7 0.9716040401103787
193 203.743375 8.991527764366145 0.239971650632121 0.009736428610701427 0.4502051438862922 0.3333333333333333 2.0 0.9852231758969072
194 175.391125 91.8511106734502 0.1474528732092665 0.07707564415228475 0.5037973573649769 1.0 26.225 0.9394216344333505
195 169.849125 140.07899543270932 0.1310822063735422 0.10806328313640348 0.3620642064661121 1.0 1.125 0.9643159560366118
196 211.79 21.335011840768225 0.22646812715637565 0.022960138709168895 0.6570675907262336 0.3333333333333333 2.0 0.9963878951060225
197 200.113125 81.47145161763721 0.15004112846329445 0.06115928195842943 0.5229126288147001 0.5 50.9 0.9838366504042443
198 206.42 41.15325118209874 0.20776168048915622 0.04142250481740933 0.5845144669212023 0.2 2.25 0.9827526064927565
199 199.792 59.877408391310894 0.1902729504078406 0.05699932966605269 0.477342892530241 0.3333333333333333 2.05 0.9757365645050958
200 206.741875 39.22430218598419 0.2080920274820668 0.03947099816150556 0.5925718467690673 0.2 2.2 0.9887398378727399
201 201.147875 59.351143110579955 0.1899475445285251 0.0560141774061899 0.4664032893865676 0.3333333333333333 2.025 0.9776889726830387
202 200.380625 63.30749331088175 0.18868545314760654 0.05959074221184173 0.4632229533102341 0.3333333333333333 52.0 0.9846561640743616
203 200.98175 17.050311730131234 0.22902965901349864 0.019663612899602733 0.13050106131920566 1.0 25.25 0.976123589747884
204 204.444375 18.790725706594152 0.22733439766144084 0.02050254997454205 0.2591158143564136 1.0 25.425 0.9833748516191121
205 195.5325 62.22454041695172 0.18780698347316518 0.05976805990416389 0.43288619783832333 0.5 0.65 0.9711444995997789
206 191.12475 71.06911517605894 0.19483206317308344 0.07253922959861833 0.5251792482585511 1.0 25.975 0.9753961315841169
207 213.9375 1.1353219618694799 0.2484648049661351 0.0013279991323823142 0.25 0.5 1.0 0.9921167228831498
208 197.89225 21.63008004293037 0.2184149888821026 0.02383327236755512 0.3420874152406153 1.0 0.375 0.964478660652366
209 206.72875 12.43665716862042 0.23544666328346361 0.014168286811758076 0.2563511633746866 1.0 0.0 0.9892591282362122
210 202.991875 70.20896754025638 0.1566968379767722 0.05410329272077821 0.5125907487371848 0.3333333333333333 1.05 0.9909935984945923
211 187.73125 102.21741283173563 0.12980756231821897 0.07064332301017824 0.4530606529924084 0.5 0.475 0.9659474715321112
212 171.940625 133.74562139363877 0.13895889971465114 0.10797497610476625 0.24895926619173764 1.0 100.4 0.9726978541411349
213 179.199 120.6229020208611 0.13090895389457904 0.08811253267602549 0.4109030650531297 1.0 0.5 0.972029016692972
214 186.263375 79.21038056972758 0.1474857169227927 0.062440461654604124 0.4662600719179872 0.5 0.35 0.9621749202969107
215 189.684375 113.19381059197235 0.13552846954663847 0.08082906612496092 0.44284167931047047 0.5 76.3 0.9807524768557409
216 179.48375 99.56482504535825 0.15311503966987244 0.08467976095105684 0.3377289466318624 0.3333333333333333 25.65 0.9645891272599854
217 195.261875 59.74206681115452 0.1773503612959642 0.05433849538444747 0.35290700869958036 1.0 25.6 0.9723510385126839
218 200.8895 14.738756272950068 0.23014682079402984 0.017033245175066162 0.18861335246222805 1.0 0.4 0.9783198587913969
219 171.58225 138.9242673620049 0.13509500579356384 0.10933950214639303 0.2994283617275661 0.2 50.65 0.9683237271553795
220 211.75 1.8781177935587843 0.2472071447929166 0.002208552024950149 0.25 0.5 1.0 0.9915692512991401
221 166.01375 147.11724320424625 0.12867734290969138 0.11400705790063663 0.3086213030268026 1.0 0.6 0.9700300161932218
222 214.0 0.4449557585053315 0.24912069245605825 0.0005216719663860995 0.25 0.5 1.0 0.9918337815405097
223 190.6765 78.92614753438649 0.14587647157868988 0.060188846526769306 0.4986756660461349 0.3333333333333333 26.8 0.9649468421449714
224 194.04225 104.44992475107746 0.1294119668877264 0.0696236011008436 0.4666600560373277 0.3333333333333333 51.55 0.971540165824568
225 198.207125 104.70259182094283 0.13061499957144276 0.06896931981410427 0.508882074419521 0.3333333333333333 76.45 0.982751477355491
226 195.012875 46.037669554382056 0.20091101220658417 0.04731410826677988 0.49923442745778107 0.3333333333333333 52.075 0.9518146910684373
227 198.884875 62.292236707019065 0.1738502047667051 0.05447484945085031 0.43379987867877856 1.0 0.2 0.9769062812154614
228 215.0625 0.3405931089239487 0.24934320165696286 0.0003976906481619894 0.25 0.5 1.0 0.9943704835050023
229 206.1875 1.887118316238205 0.24661039763086454 0.002274339011545279 0.5 0.25 1.5 0.9742384432675489
230 203.435875 65.03766508735853 0.18713162926673338 0.059819857922767325 0.480411087715558 0.3333333333333333 2.0 0.9834593952807233
231 197.418125 23.66607482109421 0.22081183025270204 0.026709987253254748 0.2524584919449523 1.0 0.825 0.973133729980262
232 165.215125 122.09344040819771 0.1337518932824597 0.09974857497996673 0.40546681269881873 1.0 0.35 0.9763663214761883
233 184.85875 88.7317741131665 0.14994050043388166 0.07179865890921079 0.4619698666164341 0.5 76.525 0.9593661762463102
234 200.230875 69.57313150949803 0.18383589610831955 0.06388830020054412 0.45845201522297413 0.003787878787878788 52.075 0.9717678738633981
235 212.8125 1.1554270612815711 0.24772838700507246 0.0013546799008450608 0.25 0.5 1.0 0.9892407171349422
236 170.619 137.18216236515687 0.1342139117057838 0.10784382588736688 0.2734482516323515 0.5 0.65 0.9723585503574201
237 193.40625 105.98348134021342 0.12828616009681743 0.070285648496802 0.4826710845291022 0.3333333333333333 126.525 0.9673351261620379
238 179.668375 98.66632262740517 0.17712108533570722 0.09718184678626544 0.5114237759664687 0.3333333333333333 51.725 0.9751500124440147
239 216.1875 1.548226469627756 0.24705129975968423 0.0017815631685388523 0.25 0.5 1.0 0.9974253466957026
240 218.8125 0.0625 0.24992812113235005 7.18788676499778e-05 0.25 0.5 1.0 0.9995002498750625
241 196.997 61.759931004194634 0.18975973448024727 0.05947157826712966 0.4711788199411999 0.3333333333333333 51.975 0.9683346264119134
242 170.4435 141.13589572166768 0.1308577253703836 0.10831756638816395 0.27000650203639287 1.0 1.0 0.970973154002022
243 200.983625 65.1562896940444 0.1882231806487834 0.061007225508315784 0.4562426287710454 0.3333333333333333 76.875 0.9833173600407716
244 159.25875 149.84205306533002 0.12878954571564502 0.12111250456374739 0.19516228707250963 1.0 25.8 0.9724896863408392
245 197.011 60.37023724407086 0.1881223952455511 0.05761250049505549 0.4582586793561419 0.3333333333333333 26.975 0.970833377036601
246 186.1335 112.14666732266333 0.13425283725222753 0.08085196043646653 0.4443207411798735 0.01694915254237288 76.025 0.9727932970592799
247 184.222 92.85561657756345 0.19064150710261538 0.09605278380243853 0.5480979608173882 0.125 126.9 0.9681350995936194
248 174.876875 112.66012235093152 0.13335666402862262 0.08575539476634003 0.3298502861979699 0.5 75.95 0.9565551739211796
249 190.70875 39.77767962461824 0.19564386253511956 0.04123690375364071 0.5925369269097053 0.3333333333333333 0.925 0.9612501935893809
250 201.713125 24.85668907540639 0.22199401446083067 0.027607203670211976 0.21950467669110493 1.0 0.075 0.9773214876787866
251 197.8835 69.07928135700699 0.16883621131200605 0.058928062687833134 0.5443402480493734 0.25 1.75 0.9686652892136254
252 207.321875 33.58265464598808 0.2047602000743918 0.03294405171967799 0.41187026118324943 0.3333333333333333 26.725 0.9927855603313123
253 208.5625 0.8812190624142603 0.24907228974357587 0.0010603252884996868 0.6462348620485163 0.16666666666666666 2.5 0.9840914105263474
254 217.3125 0.504855451903973 0.24920615642146413 0.000582941736038862 0.25 0.5 1.0 0.9981234945016675
255 175.97625 114.43396309541363 0.13089614063924837 0.08507214244304219 0.3882655861203136 1.0 0.175 0.9668612989831084
256 216.375 0.715345196391225 0.2488418911474951 0.0008284476045375375 0.25 0.5 1.0 0.9967749203488099
257 173.36875 115.75720958578881 0.14062300204229164 0.0936682822696419 0.29053413832943625 1.0 0.6 0.9596284482131497
258 182.473125 127.38971111326784 0.12571373684732304 0.08775583932460068 0.38136461160265367 0.5 0.95 0.980176824051193
259 174.638125 137.98596625929173 0.13637070643535787 0.1077084623187223 0.32346995366183134 0.5 0.0 0.9752638664634297
260 168.234375 134.72356350228964 0.1391510636500159 0.11139891607526266 0.37678663587022576 1.0 0.9 0.9641836909159269
261 166.0975 144.46151010830351 0.13313985838399148 0.11575436494702265 0.20669339840258777 1.0 0.2 0.9715476776693044
262 194.48425 64.09961107045613 0.17061050055975915 0.05645973620649426 0.42720807921154225 0.5 25.7 0.9753115879225036
263 197.17375 58.65183435173305 0.19252240127161663 0.05721872762437033 0.46326134391154744 0.3333333333333333 27.1 0.9732280437611414
264 203.9675 40.522776090007376 0.20700996838053204 0.04111945100463227 0.5875541237159978 0.2 27.15 0.9792543556181943
265 205.0625 3.391955231882143 0.24349412574134413 0.004058407895552955 0.25 0.5 1.1 0.977094908777222
266 196.02875 60.8882131379762 0.18928508953844914 0.05876390341680079 0.4628544984586975 0.3333333333333333 51.775 0.9686175677545533
267 207.1875 2.1191887462591965 0.24662678192964824 0.00254169257783101 0.25 0.5 1.0 0.9772369440171741
268 200.573125 21.104928138339186 0.2242148773708703 0.023571148062987483 0.2564308644542556 1.0 0.35 0.9751327304800124
269 205.424125 58.78381695987868 0.17175604964453176 0.04919297960413903 0.5980173849940661 0.3333333333333333 1.4 0.9854118034586663
270 215.3125 1.942449466231173 0.2478984768437544 0.0022521945010326736 0.25 0.5 1.0 0.9965483414472451
271 181.5235 82.0456266192198 0.15743037535507365 0.07096263094476436 0.46669022516239705 0.5 25.825 0.9477287589955291
272 197.860375 62.63604264088517 0.1794651293123912 0.05681485532774808 0.4124349397953469 0.5 0.2 0.9761517709684211
273 170.563875 131.6591444640332 0.14015743730662591 0.1081155857661016 0.34833367321678704 0.3333333333333333 75.275 0.96751172533
274 218.75 0.10825317547305484 0.24985624226470002 0.0001244978507602805 0.25 0.5 1.0 0.9994059360941824
275 171.97125 131.85743987575162 0.1381406013693667 0.10584519010198173 0.3277978688576226 1.0 26.1 0.9636557595704519
276 209.25 3.6114117545268662 0.24326630532699392 0.004229251633056414 0.25 0.5 1.1 0.9877501077421326
277 184.61875 121.49282806410396 0.13123597433270104 0.08633246219626946 0.37943965232594007 0.5 0.5 0.9812890491832185
278 199.297 65.72090574128248 0.18549286832485187 0.06117496742389564 0.4629969307457169 0.5 0.25 0.9788955115959433
279 201.9715 75.88682493055953 0.16141875092009514 0.06066789876459381 0.530569860744073 0.25 26.6 0.9867592484742596
280 169.490125 141.07461458858535 0.13306829650687563 0.11071005999048794 0.26243039086687614 1.0 0.3 0.9708690701018745
281 190.15725 63.35808601245697 0.16904575432788618 0.05636139400861091 0.4182894240750637 0.14285714285714285 50.8 0.9745191263356588
282 202.487875 64.45542181335583 0.18700267254124145 0.05953507278107771 0.4604090459961677 0.5 0.25 0.9818474200237612
283 201.60725 64.86409963239836 0.18832370402647378 0.060587751432092496 0.4464601478649577 0.3333333333333333 2.0 0.9837141554028268
284 182.186375 108.96263184686183 0.14107764917905 0.08431940909883959 0.456003142087615 0.1 51.0 0.9681253294743521
285 205.16875 40.32379364363231 0.204920820667844 0.04026502130800962 0.5875541237159979 0.2 2.4 0.9839873266261998
286 216.4375 0.3405931089239487 0.24934746431273175 0.0003951119440333132 0.25 0.5 1.0 0.9972464892532099
287 204.001625 37.75128905830669 0.21047406597124996 0.03892279334117505 0.5885613373114317 0.2 2.25 0.9814603947809745
288 202.14075 73.90782547307177 0.16505967672664495 0.06035441037230379 0.5369432769673232 0.25 1.9 0.982742836373489
289 194.49 59.01441301797448 0.18987506629803283 0.05756041174711917 0.4240640736042728 0.3333333333333333 76.85 0.9668158357985662
290 213.3125 1.0037100403677661 0.2481691008236196 0.0011761228071898054 0.25 0.5 1.0 0.9921730853242249
291 200.8325 65.102464906984 0.1859267386202804 0.06021981708299632 0.4177082026312833 0.004784688995215311 50.575 0.986769018593527
292 200.29125 46.66820816531197 0.18519337552277787 0.042950284201816145 0.5250086652567681 0.25 1.95 0.9814408545424395
293 169.42125 140.5931373253653 0.12851388848887077 0.10659259316037178 0.30308088366190505 1.0 25.1 0.968747574600707
294 216.3125 0.3642766952966369 0.24934704075563832 0.0004228583745768317 0.25 0.5 1.0 0.9960583614415749
295 202.0155 66.36422105292891 0.18773080402603531 0.06167038439645112 0.45625156200998596 0.003067484662576687 77.025 0.9822430862485513
296 186.94625 90.75666339361338 0.15558220376942591 0.07596097028984239 0.45795238551281814 1.0 0.225 0.973906651328571
297 172.484875 138.39760839157586 0.13206852643123818 0.10590071232408613 0.36876993131361485 1.0 0.15 0.9745559485381973
298 166.90125 143.95078425690622 0.13281047442758717 0.11449911621224838 0.20669339840258777 1.0 0.55 0.9735466781690545
299 218.8125 0.0625 0.24992812113235005 7.18788676499778e-05 0.25 0.5 1.0 0.9995002498750625
300 202.678125 43.0631107596771 0.20470793514223878 0.04351374279219789 0.5966406509010227 0.2 2.1 0.9750015944965915
301 218.3125 0.0625 0.24992795427089579 7.204572910422244e-05 0.25 0.5 1.0 0.998811872188365
302 205.4375 55.479893126512565 0.18214789002594528 0.04906281439849293 0.5 0.25 1.575 0.9918987849635873
303 172.299375 124.53897367386548 0.14378857023789732 0.10379699582993276 0.323636457021168 1.0 0.0 0.9616090376116296
304 180.093625 121.98050895832088 0.12833668621406488 0.08690202864181686 0.372675783347867 0.5 0.75 0.9716799427899897
305 210.875 1.1827127396863506 0.24807431594301577 0.0014015477042478666 0.25 0.5 76.05 0.9885143881084397
306 188.00275 109.98988270953087 0.12426020804275285 0.0727017657472261 0.5043481225678238 0.3333333333333333 26.45 0.9596393474696823
307 187.978625 109.30062357574833 0.1390887998910901 0.0808292741602226 0.41944876250850155 0.5 76.1 0.9756129403664127
308 164.75625 143.13107401329705 0.133641384901912 0.11605507555707353 0.20669339840258774 0.5 0.5 0.9718306190119445
309 198.388 65.97510061938179 0.17253149487900274 0.057351517418347334 0.5422930398227559 0.25 51.825 0.9767360647549713
310 214.5625 1.010046876223033 0.24810758976639702 0.0011762648186236632 0.5 0.25 1.5 0.9906836050686796
311 201.430625 36.88049274826729 0.20859163766987376 0.0381649298743835 0.6097774186927047 0.2 52.05 0.9734264414421689
312 173.985 131.34610046098615 0.13140617476068306 0.09913447107610265 0.32444433611189505 1.0 0.875 0.97158562900911
313 181.331375 100.40835496893504 0.18584424042066564 0.10289774617416285 0.5313431648535052 0.5 25.55 0.9731130606044596
314 198.354625 63.498321895578776 0.1887504525368852 0.0603971471207541 0.4304838795417263 0.3333333333333333 2.0 0.9763588096314514
315 197.797 65.37297427128193 0.17681961724631895 0.05844737371128269 0.45682335927819895 0.5 0.55 0.9814029032026342
316 177.036125 122.35306816017935 0.12777184710435047 0.08825885946342665 0.35807655125825133 0.5 75.725 0.9704159122987445
317 185.3755 86.23465966954419 0.15678028571159597 0.07250219158309375 0.29828052470395305 0.5 50.875 0.9660786075155274
318 200.378125 62.85026070016064 0.18915405978376856 0.05930906545621099 0.45640653527866953 0.3333333333333333 2.075 0.9813747219820963
319 199.29275 66.65671438773944 0.18687895318993536 0.0625050946566862 0.44570968583546594 0.3333333333333333 52.0 0.9848166104155843
320 195.629375 34.31059970090182 0.19786122428098943 0.0334526054377112 0.3418393426073208 0.5 50.875 0.9763001889158476
321 190.684125 78.87387431758282 0.16047312845706813 0.06657222797304645 0.41171994448725224 0.5 0.45 0.9653643068828249
322 200.918875 65.25517002011343 0.1882042396357554 0.061120643986344404 0.464659318695916 0.3333333333333333 126.85 0.9815547085618541
323 157.823125 151.07617589249455 0.12422016128174353 0.11882078855897844 0.23945691228450405 1.0 0.3 0.9676428613134189
324 184.63575 105.90278175473605 0.13872663350116746 0.07957147502984731 0.4867902113743108 0.5 126.45 0.9642314123749994
325 200.4375 2.777845439792014 0.24628395073958942 0.003440883303237034 0.5 0.25 1.5 0.9571612662207958
326 172.304375 141.28644804628186 0.1340406366479198 0.10984932445745473 0.26341750005992143 0.3333333333333333 26.1 0.9794027735656174
327 203.551 67.96569013130791 0.18633302655831296 0.0622141245224537 0.4406776119833515 0.3333333333333333 2.05 0.989107322876992
328 182.3845 119.5895488800942 0.1287666572812657 0.08443109655182977 0.4161765431111138 0.01818181818181818 50.775 0.9743011884160956
329 185.7645 114.8851463143239 0.1313250522184624 0.08120287391372431 0.461670633564784 0.5 51.0 0.9767717578202447
330 175.43325 125.81825902671844 0.14233870688448125 0.10193394107916923 0.3052008451985913 1.0 100.675 0.9667865254407624
331 172.84525 105.5630774352247 0.1348239631887381 0.08276132850754767 0.6010111496092495 0.5 76.175 0.9519803909798624
332 168.620875 130.13245698564674 0.14004606912756865 0.10796286227704494 0.2865179000649572 1.0 50.5 0.9620903766352967
333 170.09875 135.90949220725213 0.13050158847965043 0.10422493846832284 0.3238530239225837 1.0 0.5 0.9636178082306471
334 201.0625 2.2023113089286053 0.24652379909941807 0.0027220183308299894 0.25 0.5 1.125 0.9740573275505278
335 199.9025 15.204975878494945 0.23043643614532833 0.01733730785270252 0.13370378627738458 1.0 0.0 0.9741907218084764
336 201.516875 63.40268418395387 0.18796165731834044 0.05910374655384367 0.45081404140798736 0.5 0.25 0.9832328163791588
337 201.97875 71.60836901553525 0.16769214410546632 0.05945501150159553 0.5411564963131503 0.25 26.825 0.981159042337064
338 206.8105 44.23064976237997 0.20514422416807832 0.0438914235047143 0.5986510874915921 0.2 2.0 0.9870053676143592
339 201.067375 45.0287841437867 0.2001147917664258 0.04485352128062755 0.43232672590422283 1.0 0.1 0.9829216938159819
340 192.3615 59.26149382054821 0.18730725312371857 0.057696667544587674 0.48853337736006547 0.3333333333333333 2.125 0.9603374952756482
341 201.028125 59.495896270693656 0.19144580797126198 0.056602034085511135 0.4426803858172789 0.3333333333333333 51.95 0.9825064873526571
342 188.91825 100.48951243530577 0.13010667956452887 0.06929991989033067 0.7298001602278505 0.3333333333333333 26.75 0.9506622563220739
343 198.9375 3.130907753126722 0.2472587165988932 0.003923496820829159 0.5 0.25 1.7 0.9527860100977756
344 198.69075 58.67147818338212 0.19085876466713708 0.056325215147622856 0.4588677939147646 0.3333333333333333 127.025 0.9719087799660859
345 194.719375 86.31827469566774 0.15760371354844552 0.06994831662617246 0.4296317321758258 1.0 25.65 0.9832794087009668
346 192.534125 47.65583968210773 0.19873914173039792 0.04718982631161957 0.1226979422793247 1.0 0.15 0.9624601199140812
347 165.677625 147.93134735201113 0.13177251342884014 0.11762731804214688 0.20809774020253202 1.0 0.725 0.9631560094455142
348 197.10875 63.91257947493593 0.18714539239606162 0.06066997798689873 0.4538491894103856 0.3333333333333333 2.0 0.9682403126310332
349 204.062625 15.195656000345526 0.23278987739841778 0.016649218963291586 0.1597803129909367 1.0 0.0 0.9841575430866896
350 199.802625 42.93125253280654 0.20503680495249876 0.04381870288773372 0.519403069514238 0.16666666666666666 0.8 0.955747688644858
351 164.4395 141.02652222031966 0.13432546557034003 0.11511348987725986 0.2911416131318484 0.5 51.3 0.9632589642083964
352 171.08525 133.89708624281818 0.13111258119721367 0.10251938488020942 0.2495978632047482 1.0 0.6 0.9679648831331298
353 179.216875 121.23876767588303 0.1288403717108244 0.08713724122045684 0.38348880212647535 1.0 0.3 0.9706240800990394
354 199.719375 27.565841708493878 0.22059578925804407 0.03026715094680647 0.567974467576555 0.3333333333333333 50.8 0.9712008620408542
355 166.849375 145.835846134644 0.13288636102754958 0.11611272446018282 0.20669339840258774 1.0 0.425 0.9683703194771864
356 207.677625 11.668543215854143 0.2366031497435233 0.012358329851855362 0.22238379415883902 1.0 0.0 0.9870433189541646
357 196.401375 61.349503272974815 0.18708715154563954 0.05842536223640116 0.4558563067565415 0.3333333333333333 76.925 0.9696354791056984
358 207.29625 13.899591420719837 0.23343959790875532 0.015137673744720633 0.2620613540749647 1.0 0.0 0.9874769365187596
359 206.122375 19.412592045604054 0.228645967231626 0.02102724523560748 0.4172813231396823 0.3333333333333333 1.8 0.9846670633308946
360 202.925625 13.686068367882898 0.23268050262325096 0.01585584406605118 0.2572320295304041 1.0 0.25 0.982921693815982
361 200.5025 37.8890490051884 0.20321085793323598 0.038418821516968266 0.43884466314240594 0.5 0.4 0.9793095889220047
362 178.682875 114.03286188337992 0.1326800639603712 0.08456049577450725 0.24086154432581988 1.0 0.25 0.9611201867432246
363 214.625 0.5553339880308964 0.24926897730212125 0.0006495867552507964 0.25 0.5 1.1 0.9942002670445126
364 196.95525 20.52898645741323 0.22555056323471703 0.023772951440322657 0.2690382507495863 1.0 0.3 0.974660032438344
365 204.46375 69.8425577840358 0.16889360665283631 0.057673703526152136 0.5423343352985692 0.25 1.875 0.9905783920312671
366 196.303125 12.731708271530849 0.2334217528550991 0.015101381585784342 0.2631443006879467 1.0 0.025 0.9685698462954819
367 175.92575 41.79286695427411 0.21654616701096943 0.05141840356402609 0.5369668318261231 0.25 1.825 0.9361811389765625
368 169.978125 136.2474139704634 0.13281498521553078 0.10640748925019881 0.27916468542524187 1.0 0.95 0.9665317653186595
369 209.875 0.8988402697099275 0.24910317267746027 0.001074806016633122 0.25 0.5 1.15 0.9894282155594378
370 201.00675 63.975422668177096 0.18895611807093737 0.06013570171668751 0.4504850767134762 0.3333333333333333 51.975 0.9844773066318692
371 191.81475 81.15838166959419 0.1620626319886341 0.0685607220626583 0.4557896996256501 1.0 25.5 0.9718978807095534
372 199.990125 65.61430144140039 0.17307461754601292 0.056803355017724766 0.4300929598217687 1.0 0.575 0.9802061344089963
373 172.834875 87.32514491166005 0.18451422617927518 0.09360518616673832 0.5012907132923342 0.5 75.525 0.9335805627262524
374 215.3125 0.8967793267718459 0.24905351728992156 0.0010446598492865322 0.25 0.5 1.0 0.9950588611916998
375 207.0 44.138100070423114 0.19433744949566858 0.041542365788210724 0.5 0.25 1.4 0.9925687515490146
376 183.5 55.15249768686794 0.1807881773399015 0.05433743614469748 0.25 0.5 0.35 0.9748497891373715
377 204.6005 16.64703319799966 0.2295511122912219 0.018159619098885728 0.27690989689126405 1.0 0.2 0.9872589985991973
378 178.94975 109.91144677750731 0.14089048443551042 0.08637102367890544 0.37656087692596757 0.2 25.85 0.9622410528572514
379 217.5 0.3472572564314453 0.24942267065921453 0.00040097764359063874 0.25 0.5 1.0 0.9980291807207874
380 197.306375 61.92201867561601 0.1895688411772631 0.059467813778429274 0.48368989984143385 0.3333333333333333 52.1 0.9694370814246706
381 178.819625 43.646997512525814 0.21853074870243364 0.053337154161961144 0.5443284706199736 0.16666666666666666 2.025 0.9414236302287727
382 184.152875 109.11492164783284 0.1353008971177095 0.08009626471891196 0.42080781786096294 0.5 0.5 0.9737255356115482
383 202.50175 12.56051020779026 0.2333741189382385 0.01425911968674114 0.2327650457559983 1.0 0.0 0.9793388992798069
384 165.92875 143.9307887740442 0.13298410711083028 0.11530882577196928 0.20669339840258777 0.3333333333333333 25.8 0.9731791931648018
385 166.19325 143.1770616587052 0.1302223152201591 0.11214865327360679 0.3001536900176006 1.0 25.8 0.9663713189774362
386 147.4005 159.64946897345047 0.11591248065971814 0.125568554142481 0.23117207657757965 1.0 0.075 0.9683876014411912
387 202.9775 44.106616491555485 0.18928167646556293 0.04071005775528313 0.4054411531021099 0.5 50.675 0.9885978026327877
388 166.228125 143.9404922345413 0.13373681806663337 0.11575840536316423 0.20669339840258777 1.0 25.725 0.9780064779536873
389 177.45625 102.02747726061871 0.1816393707178231 0.10435999171428265 0.4989164862210876 0.3333333333333333 51.825 0.9704354525372801
390 197.311625 61.393571564356805 0.17816565792254294 0.0554029191018279 0.43300999146011787 0.125 0.25 0.9735771176641238
391 185.097 73.80908556905652 0.16743769508212397 0.06687683681599771 0.2602739401654309 1.0 0.85 0.962374447115201
392 182.679125 64.41422387555072 0.17166685817189292 0.06064865668105347 0.42727340157098936 1.0 0.4 0.9479944183741656
393 202.389375 68.67706595761577 0.1696778771497971 0.05754624449146124 0.5221731742369645 0.25 1.975 0.9884753076313699
394 170.510875 131.17557461987727 0.13907850944706507 0.10687377344135802 0.26024601341773707 1.0 50.15 0.9592523222268939
395 207.812625 21.626663188071912 0.2249614085685994 0.022942967995162808 0.40946794288665245 0.3333333333333333 1.6 0.9877598778613998
396 199.843 61.18855741249247 0.17792568902230232 0.05452484165293614 0.45726499714602253 1.0 0.3 0.9826387524733413
397 168.904875 136.20575454846932 0.13753633699563908 0.11082699236047094 0.37048066308047406 0.2 0.375 0.9666444902008098
398 180.693125 108.13429538735963 0.13636016247880126 0.08155513735400748 0.4140774139248659 0.5 51.05 0.9655409060507869
399 167.34125 142.27142147688255 0.13504626248116355 0.11475049769219922 0.20669339840258774 1.0 0.175 0.9732919180469521
400 204.92425 66.3581771257243 0.18732201472057242 0.060657687845797566 0.4598339117648062 0.3333333333333333 2.0 0.9896547944610016
401 199.811875 66.424687458573 0.17152063902834278 0.05698870536227122 0.5443402480493733 0.25 26.725 0.9750861381582039
402 170.465125 52.7656500138222 0.19551150906304907 0.060524963906325294 0.5486319594821254 0.5 0.75 0.9262338579368861
403 197.83325 60.88540955082125 0.19076580971126197 0.0586784825111173 0.44985806767380765 0.3333333333333333 76.9 0.970399759472006
404 172.106 125.61290551942156 0.14027573060682544 0.10221863215591778 0.28772396099589204 1.0 51.175 0.9606008963797513
405 199.581375 67.6262235628408 0.18457516003897298 0.06252726351136349 0.4398395785865135 0.5 150.6 0.979300947940001
406 209.5625 1.0561876745017553 0.24902726520182636 0.0012644806207876133 0.25 0.5 1.0 0.9868449212731375
407 163.514 146.43966232900996 0.13178892079598484 0.11800803862490031 0.20951938476732102 1.0 0.8 0.9683323681373818
408 174.916375 126.47986373675056 0.14182574272387205 0.10244859094462401 0.33836772163136974 1.0 0.55 0.9718588002324829
409 218.3125 0.40230802813071 0.24930494993138114 0.00046256721551398116 0.6462348620485163 0.16666666666666666 2.5 0.9991229947515425
410 214.375 1.338743846081252 0.2481059656497584 0.0015604012752507032 0.5 0.25 1.5 0.9937102870388423
411 192.2535 99.06590068349584 0.13275503461960284 0.06839454445797426 0.3605617749762388 0.16666666666666666 0.4 0.9766969842779009
412 203.9925 16.87145437954661 0.231290543036225 0.01805397064720932 0.19597289919878813 1.0 0.25 0.9809985959958419
413 194.002375 67.73805836344293 0.1576295554064851 0.05510910339831851 0.520903760325107 1.0 1.2 0.972539666074444
414 176.6465 131.61923298961105 0.14224682277609815 0.10590520435783793 0.35553061712792644 1.0 0.925 0.9704354525372801
415 218.8125 0.0625 0.24992812113235005 7.18788676499778e-05 0.25 0.5 1.0 0.9995002498750625
416 183.575875 115.9630396112236 0.1321772419097293 0.0834575558087567 0.40029389476996974 1.0 25.15 0.97337759084583
417 198.710875 67.25331024139926 0.18426882308835107 0.062385755341869534 0.4565658000784245 0.5 100.3 0.9772835363389812
418 204.5925 67.41767003444731 0.18463826523977497 0.060844396365437904 0.4666189925876954 0.3333333333333333 2.0 0.9885891616507841
419 209.05475 9.03807089222394 0.23919952756871035 0.010047094565713802 0.25264444697716615 1.0 0.0 0.9933514430165924
420 196.109625 59.74808559466704 0.18178826063684586 0.05536173448459245 0.4190374944143609 0.5 75.425 0.9772444558619117
421 178.1385 125.16217676765564 0.12634743026235154 0.0887768321910662 0.38342838963718784 1.0 0.2 0.9741407420748724
422 166.938125 138.56218358497625 0.1350401526871427 0.11202760327604985 0.2523412973553761 1.0 0.0 0.967389230328582
423 166.222875 138.34996441721597 0.1333397107156838 0.1109138543533152 0.2621545484673192 1.0 100.775 0.9621087877365667
424 203.1085 66.88650021911742 0.18274628237173043 0.06017625538667154 0.44605782956836076 0.003134796238244514 2.0 0.985307719558519
425 180.935125 104.13762610764459 0.13757483095546305 0.07913110828787563 0.4611837673740192 0.5 51.0 0.9580826055165296
426 206.9375 1.1558226845492867 0.2479625004759959 0.0013955485449495106 0.25 0.5 0.975 0.9799709145254296
427 205.1875 1.8894354418480948 0.2462956000168971 0.0022854758090259217 0.25 0.5 1.0 0.9779057814653371
428 184.24875 117.87439365289649 0.13177711530886257 0.08426827542774379 0.4002971007695044 0.5 25.825 0.9793745923450813
429 198.55925 66.56460433287585 0.18628645857179693 0.06245387857164482 0.4717626419102199 0.3333333333333333 2.0 0.9717765148454008
430 179.49125 116.48562659873537 0.13130290683394719 0.08516411786342246 0.4000290916824122 0.022222222222222223 50.925 0.9642877748160739
431 204.098375 73.2372359045415 0.16811729048544674 0.06033345016420314 0.5292012608148479 0.3333333333333333 26.325 0.9893718531183617
432 193.949875 60.698840056527295 0.18776882554041793 0.058734192001026905 0.4460711063195298 0.3333333333333333 1.9 0.9686446198378265
433 176.391625 120.15875041488236 0.12735687776113816 0.08688283217020322 0.5485746871238275 1.0 0.05 0.9681816919154268
434 209.875 2.2707570408189897 0.24652406410838948 0.0026869774112224364 0.5 0.25 26.575 0.9846486522296243
435 209.810625 14.229400919467535 0.22936504201152122 0.01578829895506389 0.4733367022795224 1.0 0.75 0.9942945808253922
436 181.83125 110.44786401465349 0.13569641546629374 0.08236423098785121 0.40581626378756874 0.25 26.05 0.9679648831331298
437 198.51 61.3421326079476 0.16555675352461816 0.05106001211046756 0.5052286669271199 0.5 0.425 0.9773962612211312
438 186.531875 118.79893572289458 0.13289596600552742 0.0846156199354982 0.4198071129761172 0.5 51.05 0.9805161278349085
439 190.707375 12.754377795337717 0.23068148825546989 0.015607057873133469 0.2665201276424219 1.0 0.15 0.9758297491487116
440 185.805625 102.3240756072432 0.14164267642376893 0.0778603317331562 0.39661723385399555 0.5 50.8 0.9651084176234578
441 213.5625 1.6272586585586277 0.24817125904731518 0.0019045341116909619 0.25 0.5 1.0 0.9925503404477449
442 210.125 0.8971499336567357 0.2486588425526138 0.0010695203222909541 0.25 0.5 0.95 0.9823385291666966
443 186.48375 86.6512079331773 0.15551705866519042 0.07223193438584873 0.40764598716388134 1.0 0.7 0.9678337471497106
444 146.003125 162.56914932667792 0.1147906806611944 0.12784445462344554 0.21839936370345636 1.0 0.25 0.9669263024061838
445 168.34675 140.6182814005224 0.13467495252688877 0.11242677737676515 0.25092094840616314 1.0 0.325 0.9653718187275616
446 181.10075 110.00658305101281 0.13438229175968888 0.08158237191605953 0.398205659792732 0.5 176.075 0.9684071416797272
447 186.815 113.7255295990597 0.13769753360560177 0.08379601323104152 0.40868245269702375 0.5 50.85 0.9813551817435613
448 204.538125 39.86701613468615 0.20665370814531672 0.04026062324743329 0.5996657347708182 0.2 2.25 0.9803481696489491
449 208.236875 13.120289389956856 0.23477235497557433 0.01488982667793661 0.24013606391839284 1.0 0.0 0.9885143881084395
450 182.275625 110.41975750108156 0.1800039097994668 0.10905201572567215 0.5114191519122333 0.5 51.075 0.982213775890748
451 201.04375 39.92794117300329 0.2084881830050511 0.0410196199904447 0.46347297630474554 0.002053388090349076 1.25 0.9858627029872679
452 202.951375 67.56857945400034 0.18745001388721932 0.062410871538962125 0.4635868713550031 0.3333333333333333 102.025 0.9795091157402961
453 198.51325 64.73989102562494 0.18639091978348463 0.06075295827809447 0.4297498076286617 1.0 0.25 0.9738416479054935
454 169.0185 134.52219191261358 0.13273860898831974 0.10575975729430825 0.3583536582454037 1.0 0.5 0.9709633838827547
455 197.925125 62.566799081333286 0.18761870442802026 0.059291200176772266 0.4829259670811478 0.0031545741324921135 77.1 0.9729548725377685
456 178.90975 118.71199661577322 0.12937258254576925 0.08580784901522859 0.37943965232594007 0.5 0.525 0.9658433876319619
457 200.336875 59.70616352132731 0.1901765813886592 0.056631723566657875 0.4543881482199313 1.0 0.475 0.9787827867137937
458 190.557125 73.79216975769884 0.17929094341801555 0.06819846180378637 0.11385586373580028 1.0 0.275 0.975641121586951
459 216.1875 0.8612044840228029 0.24905742962696395 0.0009991320569785475 0.25 0.5 0.975 0.9971803566928675
460 172.58025 73.76531244883054 0.17438921551267886 0.07369962111350228 0.37199446443759576 1.0 75.8 0.9238350667794083
461 205.6875 12.304543992226199 0.23130230806740798 0.013048420022194206 0.25 0.5 0.6 0.9837900580824367
462 196.00675 49.57921592082641 0.19885363861157357 0.05038073538675968 0.27535469155160275 1.0 0.0 0.9711444995997791
463 212.125 1.3270886374871411 0.24764812193087715 0.0015605753311440647 0.25 0.5 1.0 0.9886466532291246
464 180.52 98.9275250604249 0.14457577687227485 0.07899961673308202 0.3796190383112105 0.5 25.575 0.963164650427518
465 213.9375 1.4003320029887982 0.2481745291155986 0.0016360502107628096 0.25 0.5 1.0 0.9927389680095049
466 218.4375 0.29284735751768554 0.24964043899508342 0.0003369967073877831 0.25 0.5 1.0 0.9993116223133025
467 164.19 143.9384124188067 0.1278385218327108 0.11199861230196013 0.2616753174791576 1.0 0.15 0.9673794602093143
468 183.015 117.4099001242411 0.13835628446194329 0.08873809102933433 0.42002397751506004 0.5 200.95 0.978649392455843
469 198.882625 68.43361421514835 0.16643038238470048 0.05724755707518223 0.5369433723363563 0.25 51.675 0.9724085300910237
470 201.33325 66.30028958914949 0.18653251012103192 0.06142040554865549 0.4552471092192356 0.3333333333333333 52.0 0.9819883261264489
471 202.37975 69.51230377221685 0.18515123689845953 0.06360390568480491 0.43626641542333244 0.3333333333333333 26.975 0.9847136556527016
472 173.4075 134.79409493127483 0.13846541764007114 0.10756655399042694 0.29888475431611816 1.0 25.95 0.9724246829177625
473 183.34625 115.00473882808933 0.13611201892317767 0.08535797305588079 0.4243286213019396 0.5 0.75 0.9731423709622631
474 166.69175 126.44943701932641 0.1416975464972325 0.10730217603272955 0.32979453283711313 1.0 0.95 0.9532639617096461
475 217.8125 0.29284735751768554 0.24963935273649426 0.0003379667139636534 0.25 0.5 1.0 0.9981234945016675
476 200.5 27.180241778379933 0.2158208367766263 0.029730645415187013 0.39623918152056026 0.3333333333333333 1.6 0.9843548116304521
477 202.617125 64.60488189446356 0.1883919703194507 0.060057248575421295 0.4392912899688477 0.25 2.0 0.9847797882130441
478 182.444625 111.69809194380036 0.13636786800136907 0.08344568345357277 0.43646189203147795 0.3333333333333333 0.375 0.97273580548094
479 193.55475 47.857772790274495 0.1833020127786313 0.04516389899791742 0.56240674033399 0.25 51.975 0.9574712596467082
480 207.875 2.4416944187275784 0.24502715983215473 0.00289961801244136 0.5 0.25 1.55 0.9859863271259502
481 204.492375 20.014447917374454 0.22609316007696342 0.0224127774819605 0.1935964240275186 1.0 0.0 0.9830073666148594
482 176.23825 131.9045384956375 0.13782135497281894 0.10310609881061984 0.3783553610833339 0.09090909090909091 0.6 0.9722935469343424
483 165.881125 132.31179552955396 0.13633303463181543 0.10863224962501243 0.25672901218084226 1.0 75.625 0.9514069964498487
484 178.53675 109.85768937045322 0.13316165023468088 0.0819018608995301 0.3981765431111138 0.5 76.35 0.9591384682074791
485 167.715625 143.37686446656403 0.13421594981276375 0.11468016982560346 0.20669339840258774 1.0 75.275 0.9783273706361322
486 198.735625 59.912740691196056 0.18954063414140637 0.057120022779184425 0.48854455264187757 0.3333333333333333 27.0 0.9689666416575353
487 195.8805 53.65554472153358 0.18337643090911387 0.049316314220234574 0.3408275779393977 0.5 101.45 0.9631289573622432
488 209.75 6.467164209504541 0.2421507652051237 0.007520381726904887 0.25 0.5 1.075 0.9864590251676146
489 200.4225 64.99535063512047 0.18846016162797966 0.06111316725653621 0.4544922217170721 0.3333333333333333 77.025 0.9826387524733414
490 188.09125 66.99670798653175 0.17239491732793985 0.060149901810186264 0.032514711544774214 1.0 51.275 0.9614031280858664
491 198.739625 64.93081559484683 0.18540732581579375 0.06059640645097416 0.44574690661008914 0.5 0.525 0.9782450852490513
492 197.014625 64.37197862711012 0.17063383755715025 0.055718110172150656 0.5516899155357731 0.25 26.85 0.9749061515784464
493 177.6475 128.6675071014618 0.14280353353172176 0.10337473289710872 0.3769693858301443 0.14285714285714285 51.15 0.9773940029466007
494 211.3125 1.5077900345241797 0.2475659767087851 0.0017793920302029153 0.25 0.5 1.225 0.9921535450856904
495 215.375 1.4175785420628835 0.2471829414919406 0.0016383227748924987 0.5 0.25 1.5 0.9950870424122373
496 202.023625 66.41423459239563 0.18620807145300283 0.0612128489986644 0.4440488963294202 0.3333333333333333 2.05 0.9834409841794541
497 184.777625 111.5871889105255 0.13544164482887913 0.08175005589941542 0.407205659792732 0.5 0.5 0.9754893162277305
498 166.77325 124.95428394730567 0.1405124008466536 0.10508585313683544 0.23062104785095874 1.0 0.525 0.9489450680277013
499 206.5625 3.7593631668580296 0.24528886210835182 0.00449804461089104 0.25 0.5 1.15 0.9829596451557876
500 200.607375 67.1440011611823 0.1850155887094532 0.06193226255905772 0.4436892097776977 0.3333333333333333 51.975 0.9851375030980292
501 197.1305 65.65541480003718 0.1850969551889507 0.0616508251600759 0.4632274617615891 0.3333333333333333 1.975 0.967750332625363
502 207.125 0.5660136286354851 0.24901568855024672 0.0006856938542846477 0.5 0.25 2.05 0.9783014476901273
503 177.71625 129.49471879521923 0.1398362734896643 0.10176310969091962 0.28889030051705716 1.0 0.35 0.976281777814575
504 202.616875 67.95356742455546 0.1865203002517419 0.06255732617423701 0.43688897167225077 0.3333333333333333 2.0 0.9821021801458639
505 195.979375 60.92273751811465 0.18944594893706018 0.05885455626132597 0.43528411764717334 0.3333333333333333 26.95 0.9684571214133311
506 199.9125 13.687458611396577 0.23492082658067281 0.014608937514802923 0.2036585402196695 1.0 100.1 0.9748313780361019
507 215.875 0.23986011668425225 0.2497087745507451 0.0002794134809588117 0.25 0.5 1.0 0.9944647972858823
508 200.690875 32.90002761597668 0.20578968875648174 0.03374661212957196 0.5907458097603627 0.5 1.65 0.9729082802159614
509 182.583125 99.48851171580205 0.18819065482146696 0.10249869034226393 0.5202318626315671 0.3333333333333333 76.675 0.970908150578945
510 201.618125 37.81154141242188 0.20265211340404646 0.03799168603828282 0.5845216805166361 0.2 27.125 0.9771415010990295
511 216.8125 0.8612044840228029 0.24906013264178886 0.0009962067486499733 0.25 0.5 0.975 0.9970578616914499
512 202.12675 63.69652352402801 0.18905004490518285 0.05955399442888742 0.44368920977769777 0.2 2.0 0.9832805378382315
513 171.895375 129.86128464677162 0.14102094141074598 0.10644223086868185 0.36016556197784333 1.0 0.875 0.9634291806688872
514 199.853 62.84102021237818 0.18942044920150392 0.05954344917948888 0.4648026941702533 0.3333333333333333 2.0 0.9792434563616613
515 207.25 2.4987785687718334 0.24508521180612844 0.002977204220339188 0.25 0.5 1.075 0.9788868706139418
516 169.000625 135.35642235937416 0.1320337453223135 0.1056678172649961 0.35400088367202465 0.25 1.0 0.9551502373272466
517 205.35325 53.56342744171946 0.18364183761030617 0.047670351659022815 0.5424559230312627 1.0 26.0 0.9887214267714691
518 182.606125 93.86664205027259 0.1855665225019532 0.095319889511903 0.5429172334668333 0.3333333333333333 51.975 0.9647593437204746
519 202.625 3.5517211138615843 0.24552227214200756 0.004337616902838118 0.6462348620485163 0.16666666666666666 102.2 0.9719737833891648
520 194.79325 55.7262142958875 0.1908382947172711 0.054536959740931985 0.4695601905672179 0.3333333333333333 2.0 0.9696538902069688
521 181.61225 69.31848945886247 0.1699169261209551 0.06445621720661021 0.484822271871055 0.5 101.225 0.951442689515125
522 165.28625 144.92006925824998 0.13306351796568827 0.1166327980607827 0.20669339840258774 0.5 0.9 0.9712745064459317
523 183.94 123.54477433654623 0.12973224335126166 0.08711589799942869 0.36836055086216357 0.5 25.9 0.9813649518628281
524 171.006875 147.0159012193777 0.1307481251481618 0.11237689278491939 0.3106444876260336 0.2 25.25 0.9785637196569645
525 173.6345 140.717507455641 0.13274322167283995 0.10752826876568196 0.27665820882135495 1.0 0.6 0.9793182299040049
526 218.8125 0.0625 0.24992812113235005 7.18788676499778e-05 0.25 0.5 1.0 0.9995002498750625
527 192.98 82.00201037086232 0.18417434881097403 0.07741325967175647 0.0782162500950811 1.0 0.15 0.9795263977043007
528 199.52975 66.10532124307015 0.1798160497130607 0.0595485632011704 0.5473847548689083 0.3333333333333333 0.9 0.9798668306252811
529 202.484375 19.85877435467529 0.22486781514710258 0.022363297828292925 0.022625660460114466 1.0 1.2 0.9794895755017592
530 208.625 1.8266779788550218 0.24731275533066116 0.0021816580716785775 0.25 0.5 1.0 0.977897140483334
531 203.625 6.304118677252318 0.24198387293117324 0.007208612057720022 0.5804820237218405 0.2 2.025 0.9793009479400024
532 196.137125 61.925708777744035 0.17398571845313643 0.054868868998089355 0.5349550543967232 0.25 102.025 0.9666087971355362
533 206.875 9.100449953207939 0.232239311346228 0.01028934930215012 0.6462348620485163 0.16666666666666666 52.7 0.9817237958850803
534 200.75 2.1677202141905196 0.24628978787995903 0.0026809243047208405 0.25 0.5 26.4 0.9628753263774062
535 198.39825 64.3042090544125 0.1854444785581605 0.06009569962423374 0.4602069027251376 0.3333333333333333 2.0 0.9728041963158136
536 190.5805 72.78236380296018 0.1798219348397882 0.06773442206669074 0.2839683165151181 1.0 25.25 0.9676928410470232
537 209.304375 42.0970113692655 0.207387616448931 0.04170830382832382 0.5996585211753843 0.2 27.075 0.9931346342342946
538 205.502375 69.18674258370731 0.1866279325525441 0.0628335582246228 0.42508156124512936 0.3333333333333333 2.0 0.9924364864283295
539 200.481625 66.32006886994951 0.18648010196417494 0.061679170416662474 0.4446892097776977 0.3333333333333333 1.975 0.9773117175595187
540 184.57625 123.63333527587008 0.13023011870103482 0.08721099407985598 0.38366681675219744 1.0 0.7 0.9848913839579284
541 210.96375 41.807114773225344 0.20735095047137667 0.04109528228113366 0.6144279099894266 0.2 1.975 0.9944832083871521
542 177.278125 89.06681542394901 0.15981402000202605 0.07963083659369771 0.25196606202385496 1.0 75.425 0.9519067465747862
543 195.071375 63.06295297862042 0.1718820956474513 0.05552676919886181 0.5411505835623461 0.25 2.4 0.9696343499684346
544 206.5625 19.94577294959226 0.2272739006458227 0.02144178685280738 0.39623918152056026 0.3333333333333333 52.0 0.9882216766465324
545 179.674625 124.97709795730029 0.12725290472412615 0.08851151826983744 0.381497827436594 0.5 0.5 0.9728117081605493
546 217.0 0.880554273350262 0.24827194660301005 0.001014424742575487 0.25 0.5 0.925 0.9966524253473924
547 169.24375 140.72924212345075 0.13468287526507913 0.11193933886517865 0.24123663748921179 1.0 0.75 0.9733016881662196
548 190.045875 85.07415476761588 0.1699673929152242 0.07609781856229815 0.4630952388899702 0.5 50.8 0.9688430175188534
549 200.9275 64.95907024627566 0.18669778930279324 0.06034439690151305 0.44167761198335154 0.3333333333333333 2.0 0.9785941591520337
550 160.0655 149.82771150036825 0.12634468057217865 0.1182302244385709 0.2506811935448592 0.3333333333333333 0.55 0.9678889804535191
551 175.26875 121.07303977774177 0.1427427198810505 0.09845113819296178 0.3208713273753452 1.0 0.7 0.9712549662073978
552 181.05075 123.9814324941893 0.12766055985976177 0.08740670104253867 0.38159295953138 0.5 25.75 0.9756497625689523
553 171.85925 123.16991799823779 0.1427760142549718 0.10214174743155659 0.27544229068827275 1.0 0.9 0.9564424490390291
554 171.955125 130.6237996444805 0.13710401705963704 0.10407845052057271 0.32356432072048236 1.0 100.475 0.9671724215462848
555 199.125 16.93620704657263 0.22970650188970393 0.01972077832570091 0.0 1.0 0.1 0.9827894286952975
556 188.25 31.30650785517625 0.2119899138761304 0.0352550316869541 0.0 1.0 0.025 0.9614790307654767
557 168.94375 126.90485028619669 0.1396671819957166 0.10482907855791929 0.33947796376938905 0.14285714285714285 0.825 0.9535003107304789
558 176.23925 116.26727238212398 0.13319446100756283 0.0877903525515915 0.3367832211155891 1.0 25.25 0.9731228307237274
559 208.485375 40.14931898809736 0.20940198465259863 0.04030648102642769 0.5986585211753844 0.2 52.175 0.9875332989598345
560 212.625 5.069281326039524 0.243934076712873 0.005857118408499268 0.25 0.5 1.0 0.9912483586166938
561 206.208375 19.925302741624712 0.22783764371458456 0.020318933543021795 0.23126703095449677 1.0 0.0 0.9884287153095624
562 197.97625 67.56462893191937 0.1689601319709428 0.05763343104255722 0.5221905798422268 0.25 1.75 0.9786591625751121
563 198.962 65.4470463974544 0.18783761715366915 0.06178160708138951 0.43690667389609156 0.3333333333333333 76.8 0.9728323775363508
564 212.0625 3.4174867749254654 0.24641566773273774 0.00399980673316158 0.25 0.5 1.0 0.9913524425168426
565 209.238125 13.034429486532392 0.23478829056880018 0.014416972648911838 0.20624994585241477 1.0 0.0 0.9890802707937193
566 194.085125 49.93299510829011 0.2069485089482413 0.053120427917464005 0.5443343352985692 0.3333333333333333 1.2 0.9519567263083897
567 192.624625 60.85581477606373 0.1867158433281324 0.05898240708103883 0.47016983104165466 0.3333333333333333 27.025 0.967229913124626
568 198.719125 61.56317494180221 0.18957642719095377 0.05870704560344185 0.469789778395772 0.3333333333333333 27.125 0.9770092359783438
569 174.71225 131.65317173430103 0.14247824556264424 0.10729909623697442 0.33118071791892445 1.0 0.25 0.9720008354724349
570 197.613875 65.54547249933073 0.18558991675439493 0.06153714615258041 0.42611967732244965 0.5 50.575 0.973964142906911
571 205.26375 17.567774714394663 0.22490170715507093 0.01930010905476957 0.15971065955519267 1.0 0.125 0.9911540448358147
572 202.213625 68.32756681125089 0.1691134943323958 0.057128804509518995 0.5677682821888149 0.25 26.975 0.9816772035632715
573 177.44925 48.79907876362083 0.2132179361716996 0.05865763244061232 0.5422930398227559 0.25 1.825 0.9363979477588602
574 166.512125 46.83932417155621 0.20953019234222536 0.05901860971604608 0.5521903614246619 1.0 51.375 0.9372479009240378
575 205.389375 13.490286259429 0.23516130003288244 0.014048054115440543 0.2062187249717627 1.0 0.0 0.9851570433365647
576 169.20075 144.08714514682 0.13162242699892493 0.11205111966539619 0.2623339140751415 1.0 0.1 0.9744995860971221
577 202.1515 66.8798114128685 0.1865744856416084 0.06172954737866262 0.4694104067327236 0.3333333333333333 27.0 0.9829216938159812
578 187.659 67.25571655690604 0.16789738502351742 0.05960461215533747 0.37795910279017264 0.3333333333333333 26.225 0.9648904797038955
579 175.350625 129.41898307112885 0.1379125712646032 0.10171955308589332 0.36192775130054766 1.0 1.05 0.9727173943796698
580 169.823 135.48082208648492 0.13739329200228143 0.1096004631132653 0.34892312064824127 0.2 0.525 0.9644850433598373
581 175.803125 113.14093584027893 0.13425607424259128 0.08624556585572322 0.22065483602375308 1.0 25.6 0.9689459722817354
582 206.468125 20.106463988115845 0.22187200855042863 0.02167290976506782 0.34583235418791197 0.5 0.6 0.9854118034586671
583 199.966625 59.70844973737358 0.18338335097056654 0.054741917408929294 0.4453018591047497 0.5 0.425 0.9763306284109137
584 185.271875 118.38088862100945 0.1344506224660429 0.0858884637917082 0.4298672301710104 0.5 51.0 0.9814115441846353
585 195.711375 57.363151184555015 0.16659164501061852 0.04861803326149047 0.5288778985289048 0.3333333333333333 0.775 0.9779978369716873
586 206.19375 39.566386523885186 0.2081697432590878 0.03993391560045686 0.5916009941062272 0.2 27.3 0.9869294649347499
587 206.5 5.5842324063811235 0.24277168338161595 0.0067768043580346835 0.39623918152056026 0.3333333333333333 1.4 0.990305220807895
588 173.094875 122.28701776868346 0.14285200705885337 0.10062910533678875 0.29834974355753463 0.3333333333333333 50.75 0.9705665885206997
589 207.125 2.457838341897531 0.24552125888443527 0.002935474679906699 0.5 0.25 51.525 0.9762092625467614
590 181.205875 115.62910433444317 0.1315662565085532 0.08393867731420519 0.4435133548559351 0.5 25.875 0.9689264320431992
591 182.344375 121.1060597046011 0.1312644211136268 0.08714840418758436 0.38149782743659394 0.5 126.125 0.9748020676782979
592 201.53775 38.86864524253967 0.20730997823720504 0.03997247664821645 0.6178347985405698 0.2 52.05 0.9764813046328692
593 190.243875 112.12213352740541 0.1381476193383324 0.0813098529170461 0.4210001353592936 0.5 0.45 0.9828176099158328
594 164.979125 132.31742818685245 0.13679092130054482 0.10954956222867246 0.2638883028268481 1.0 0.5 0.9445145786008705
595 198.292875 67.58590071505806 0.1861591527773054 0.06345534230020093 0.4552426287710454 0.3333333333333333 76.95 0.9765474371932111
596 192.589375 91.85147178775945 0.15461028248407666 0.07312830372841071 0.10330737749981178 1.0 26.25 0.9732562249816771
597 209.69325 16.205297314630084 0.2313986843540385 0.01698658172274309 0.18578234877723648 1.0 0.0 0.990296579825892
598 209.25 1.5615910285679528 0.24680656556375935 0.0018555690507129265 0.5 0.25 1.6 0.9806408811108568
599 174.80875 129.8225049003953 0.14124943621255182 0.10477206367554845 0.32821036803347775 1.0 100.275 0.9641555096953897
600 186.925 121.39100048323805 0.12998384262761237 0.08438675779579154 0.39021694444702204 0.5 75.7 0.9816197119849308
