0 197.064875 34.53588466138833 0.20246104631653442 0.03546373572877451 0.6178127145572343 0.2 2.1 0.9621944605354468
1 198.064875 65.4542080805982 0.18582115267361252 0.06140678193903886 0.4990005103728673 0.3333333333333333 176.9 0.9614985710040097
2 182.521875 110.86658501669552 0.1410581340888958 0.08610429558354392 0.2098890913434758 1.0 100.3 0.9483325930206149
3 214.8125 1.4169059564113389 0.2478935577908664 0.0016466926968042423 0.25 0.5 1.0 0.9958599637605476
4 207.9375 6.872026266396766 0.23824289920971273 0.007930807896689892 0.25 0.5 1.0 0.9854388555419406
5 200.325625 128.4843432966597 0.16024251804668038 0.1027937868724415 0.42893904319375137 1.0 25.45 0.9870519599361665
6 195.345625 64.23613071246318 0.18519316113268605 0.060897529953216845 0.47241108771555795 0.3333333333333333 2.125 0.9540489114517544
7 184.13825 113.79490320563922 0.15056791873306075 0.09271375592952057 0.32037434405160614 1.0 1.05 0.9634085112930881
8 194.125 10.837475252771322 0.2295385541627597 0.01291763565783853 0.6462348620485163 0.16666666666666666 2.525 0.9468344717830689
9 193.17525 103.1110247151369 0.14265364122962987 0.07631447189280396 0.6924991686779778 0.5 25.975 0.9502004575369412
10 204.8125 8.33051670230617 0.24088986818270935 0.009872170121661767 0.25 0.5 1.1 0.9708333770366019
11 186.90375 137.60938589063403 0.14364718490788847 0.10561540681171101 0.2668119713457377 1.0 0.0 0.9687193933801708
12 184.76675 148.45372719295452 0.1366357115463801 0.10967411656479574 0.27376835491297524 0.16666666666666666 0.975 0.9600350136944726
13 207.0625 2.2447795541980575 0.2466246985208291 0.002693976088781274 0.25 0.5 1.225 0.9767837862140444
14 187.288625 9.253282220932473 0.2340588425985872 0.01165612640341764 0.3005883169474411 0.5 1.625 0.9325855790254513
15 215.125 2.0491853526853383 0.2469653139655755 0.002369041457586205 0.25 0.5 1.175 0.9923996642257897
16 186.46075 154.13813705426176 0.1344470260397203 0.11104029514410485 0.2146184062156795 1.0 0.225 0.9700018349726857
17 191.5225 202.313635707687 0.12153669093583101 0.1283835299043663 0.08408480847892907 1.0 0.025 0.9900688717870605
18 191.008125 121.13137438541968 0.1295985188675858 0.08195286593029798 0.12447163226420606 0.5 0.025 0.9742448259750213
19 180.437 144.50057488360105 0.13535293976843876 0.10830969004819824 0.25663739781177913 0.25 50.35 0.9509256574261818
20 172.874375 86.5083766636567 0.16206155807304679 0.08035261933790233 0.19248096027028377 0.3333333333333333 100.675 0.9324878778327762
21 188.992875 66.4950768214435 0.17063465289603802 0.06019089006350732 0.4534058135700759 0.5 0.7 0.9402727167358007
22 198.878875 62.266346204102696 0.1897379748225626 0.05939464858866098 0.4556316703164733 0.3333333333333333 152.0 0.9659681409079102
23 202.554125 133.0234648846002 0.13016907897694135 0.08548147748107615 0.3912418035845644 0.5 75.7 0.9902011369077461
24 198.6975 52.48626855057923 0.1826997933373538 0.04813094546153731 0.5517077515218196 0.25 101.575 0.9675985272661437
25 188.898625 172.24623973162565 0.1276961340319684 0.11644369222341368 0.2597921556350864 1.0 0.25 0.9717385635055945
26 183.377375 57.71131633121409 0.1735389050378334 0.054767257692489295 0.3452919713861079 0.5 25.55 0.9399127435762875
27 185.396875 165.96631924921863 0.13114103067128252 0.11735235052684442 0.19927495843953122 1.0 25.75 0.9595548038080692
28 206.875 9.396391308538686 0.23674358584482308 0.010831517804355966 0.25 0.5 1.0 0.9821010510086002
29 185.61825 151.4979291443921 0.1370588874460686 0.11179100783120628 0.253728648301504 0.3333333333333333 0.5 0.9610540541828824
30 185.17425 88.16958533387408 0.19091925878215818 0.09081239976885244 0.5732755687078493 0.3333333333333333 1.55 0.9237332411537899
31 199.801875 46.13488243434771 0.1984046262003153 0.0461910521134036 0.41507305474020834 0.5 0.45 0.9682782639708374
32 197.260625 36.83870795338481 0.2076505975641903 0.038751739318937425 0.6168274377238437 0.2 2.25 0.9631657795647843
33 198.057375 71.90219834790832 0.16251136780813305 0.058790493697216964 0.4664732552422599 0.3333333333333333 1.3 0.9671280874990078
34 193.419625 42.744494225338464 0.19559848577820121 0.043063860101797184 0.4636049055126708 0.3333333333333333 26.775 0.9556499874521862
35 193.833 126.86984981763173 0.12950646947505545 0.08472633208909408 0.34897907987356475 0.5 50.8 0.9648168352988152
36 186.90125 42.539082765163826 0.18681957908890529 0.04246394920030058 0.4488580676738077 0.3333333333333333 1.475 0.9398466110159458
37 182.821875 155.9435734614541 0.13381697114477634 0.11409499713634239 0.20402821031003893 1.0 1.125 0.9565183517186396
38 185.582875 182.43369164317912 0.12602159051897202 0.12387901453658688 0.19155064029271868 1.0 0.2 0.9734057720663669
39 176.788375 100.53886621725295 0.1590607360707017 0.09008786319031253 0.33899598769929234 1.0 0.975 0.9260692871627269
40 191.509625 124.0664104371577 0.13074818795932697 0.08499406939666224 0.719087809788605 0.5 51.325 0.9514926692487243
41 191.604375 180.6835305193291 0.1283237480463128 0.12100270061865374 0.1404396523259401 0.5 0.0 0.9863819933507382
42 201.557875 68.15418518784361 0.18611784317268687 0.06293564578731077 0.47994343368432035 0.3333333333333333 52.075 0.9732194027791377
43 187.766875 128.96221742308836 0.14615199102902574 0.10018817351353787 0.2730773820160734 1.0 25.575 0.9720658388955128
44 173.019 87.97370383128529 0.16154525440243783 0.08146138111276084 0.2859277220178376 1.0 0.825 0.8969255918496561
45 204.338 64.91302004651617 0.1762337883423461 0.05597796953499197 0.5238395285017597 0.01020408163265306 1.8 0.9834030328396491
46 199.112 79.25284444460581 0.15147689869870012 0.06028789037900826 0.5488265414817272 1.0 1.125 0.9683162153106432
47 198.718875 67.64733934271021 0.16628208914829629 0.056596438230262544 0.5502961219374838 0.25 27.1 0.963610296385911
48 192.442625 55.833173313654854 0.19293610953719562 0.055902192649131675 0.45085806767380765 0.3333333333333333 1.85 0.9356720108484811
49 171.194375 124.28225075647141 0.1437337677104293 0.10405156023040829 0.1664829200295044 1.0 75.7 0.922259913724986
50 202.75 9.617446927609176 0.23510384998889952 0.011236321267070108 0.25 0.5 1.075 0.9612069886793684
51 190.916375 116.11049203328207 0.13249891062410915 0.08049211502130296 0.35834366906462045 0.25 0.45 0.9659842937346514
52 194.564125 58.057785268328736 0.18716614097684456 0.05582010932228596 0.4764181199887874 0.0070921985815602835 51.9 0.9692277844871123
53 178.86075 121.69565308338998 0.1437076609243773 0.09745019054449472 0.23755075491719302 0.3333333333333333 25.675 0.9329162418271612
54 196.535 134.97473147529047 0.13015769632289492 0.08937880674325294 0.34566252438626077 0.5 25.825 0.9713992597218807
55 202.3125 3.4310386107512296 0.24281795678008122 0.004150208206422413 0.25 0.5 0.95 0.9562376686505305
56 197.922875 45.355556603282004 0.20236183852733558 0.044831809478548076 0.19964337183870395 1.0 0.575 0.9704843031336193
57 178.08775 121.03232344964127 0.1457948110046024 0.09903185651409058 0.39901457969226356 1.0 0.45 0.932029466459434
58 198.0625 13.364340819025696 0.23309771901608364 0.015851754709774887 0.5 0.25 2.2 0.9439325430888521
59 184.57375 80.86685748126666 0.15259297409961356 0.0665161209333434 0.39671631984545663 0.14285714285714285 25.775 0.9506979493873537
60 180.796125 143.8399560026218 0.13581371724240182 0.10790988316207967 0.24354072563722978 1.0 51.0 0.9436939357934893
61 187.53125 150.45250096178998 0.13797812406653243 0.11054150543983741 0.20199805916846197 1.0 0.9 0.9749245626797155
62 204.0 5.357009548797147 0.24338746007303894 0.006440639962986538 0.25 0.5 1.0 0.9635832443026384
63 196.423125 109.55322748040636 0.1385583674483105 0.07716031708251328 0.3784258069927985 0.5 0.95 0.9747359351179564
64 207.363375 64.37825829319608 0.1898046849727496 0.05892665783838937 0.47190260026962283 0.3333333333333333 52.0 0.9866378826101063
65 194.19825 116.06143115904617 0.18418245447820833 0.11007576501325361 0.4788083467462362 0.007633587786259542 51.65 0.9621110460110973
66 185.121875 115.68749634738322 0.13300808198004102 0.08306305751911548 0.4021632889414597 0.5 25.625 0.9307861053439909
67 184.56075 72.87675128489448 0.169603003129536 0.06694596186877701 0.41675909728867105 1.0 25.875 0.9407420273656727
68 195.21325 127.93937676679441 0.1294167350759777 0.08478317598730864 0.35560804047376765 0.5 25.7 0.9695313952055513
69 193.857375 48.6982289706744 0.1989694389419356 0.04817565164219939 0.15216956917158536 1.0 0.05 0.9470155875000899
70 202.527125 143.35872171103105 0.1266700188044788 0.08966180712467565 0.3516901512119295 0.5 0.525 0.9826962440516808
71 190.6425 103.4338925939552 0.13653022823544353 0.07445527929795108 0.556314355297409 0.010638297872340425 0.65 0.9459683657911411
72 198.1775 49.939415710607676 0.19699585325005922 0.049360615879538314 0.2604354056418052 1.0 0.925 0.974651391456345
73 184.10375 165.33224373307283 0.12970969621590478 0.11638239431569615 0.12707655125825135 1.0 0.275 0.9591591375832793
74 176.83475 154.76471927527683 0.13000487088939502 0.11372218237045724 0.24987323234642086 1.0 0.925 0.936706075026367
75 198.847875 98.08551725026253 0.1479267564753926 0.07316844594341695 0.45045174429999957 1.0 0.15 0.9778298787857247
76 187.180375 103.07101858241961 0.14391291560966732 0.07889851214852596 0.18682893494146915 0.5 0.525 0.9577617128340858
77 193.445375 63.31457001275757 0.1883139917213535 0.06164354604208475 0.4855924183908454 0.3333333333333333 27.0 0.9534450774266705
78 217.625 0.9410717598266827 0.2492791659527716 0.001085455778074223 0.25 0.5 1.0 0.9984627982853826
79 181.326 154.53804814272425 0.13441453496594277 0.11451763979139827 0.2937408216047773 1.0 0.475 0.9405642990604431
80 186.6765 123.08674753400824 0.12964216336546014 0.0854608610186604 0.4059095110204574 0.5 75.975 0.9512649612098968
81 200.567 88.09061798344027 0.15975183844247007 0.07025163974095629 0.4829395778603871 1.0 75.9 0.9740964080275955
82 186.37975 105.65701199477444 0.13186406144474536 0.07468680428926616 0.44796362225618797 0.5 25.625 0.9545268630636234
83 193.561625 63.724862247308806 0.17448564483314918 0.05737386465255816 0.5516224696409666 0.25 1.1 0.9525312499756725
84 187.111625 119.34392454444838 0.13394329621918533 0.08571507049361562 0.49198612459189134 1.0 0.325 0.9500779625355269
85 186.923 65.21455037400133 0.1698218839301337 0.058814923492383056 0.39426809665312484 1.0 25.5 0.9447313873831696
86 187.20475 101.94574948214516 0.12875583136592578 0.07009125384479836 0.4907999254011862 0.3333333333333333 1.5 0.9439877763926617
87 197.83375 53.41003406613353 0.1956155901414631 0.05272911000392499 0.46942393243903635 0.3333333333333333 1.85 0.9664667618955836
88 184.348375 148.07134851569654 0.13371437907000758 0.10733819826205016 0.28369986174929523 0.25 0.25 0.9602800036973065
89 208.061375 15.068827653541742 0.23117207646194837 0.016914125120533526 0.21341454356055242 1.0 0.175 0.9846388821103566
90 196.19425 60.67777585561068 0.18836198451282216 0.05821833040554321 0.46240972574988914 0.3333333333333333 26.975 0.9545020692548849
91 185.863 171.69934447718407 0.127080458242519 0.11738750448478742 0.2198000612190043 0.25 0.45 0.9627896535785259
92 196.046125 24.59443127703057 0.21918838238085495 0.02755868100791804 0.06661678451882669 1.0 0.175 0.9619321885686046
93 191.539 104.06267813538801 0.14066696424768815 0.0762456578554042 0.39145250977900464 0.5 50.975 0.9580371423319871
94 193.792 83.60338293830921 0.18619531322221475 0.08125347151547703 0.44616888708508945 0.3333333333333333 26.375 0.95778351134715
95 196.318125 135.39529769617556 0.12666389910711348 0.08736517257293128 0.3839036903030548 0.5 101.35 0.9674012587223799
96 189.973625 160.0868852007762 0.13414923875354537 0.11302247529958939 0.2707998097589919 1.0 0.1 0.976028146829738
97 185.811875 166.3551145934949 0.1313766121211884 0.11752594867812527 0.1338066006536786 1.0 0.2 0.9712560953446622
98 201.327375 138.21016002576494 0.12781744970525077 0.0877442032851391 0.3967757021323096 0.5 0.5 0.9828653313749058
99 206.75 3.9483852234696455 0.24275446231455533 0.004670722274824843 0.25 0.5 1.075 0.981469035762978
100 194.005375 132.86328827536272 0.1273531396448702 0.08717733540815581 0.3488348435989026 0.5 0.5 0.9653447666442889
101 197.882 60.35979737941747 0.17944602010874544 0.05475247355711306 0.4440578295683607 0.5 0.55 0.9729071510786964
102 203.721375 60.99803543923932 0.19094248075923695 0.05715277124954869 0.4886768838951228 0.3333333333333333 51.825 0.982176953688209
103 179.124625 131.09268493657927 0.14409209294643913 0.10523345960261912 0.237153279729271 1.0 0.625 0.9429014742066443
104 184.59075 40.35861741991517 0.20362552069903314 0.044353746132866405 0.5569249892068647 0.5 0.6 0.9215737943128188
105 198.151875 63.78383003690393 0.18781558090553047 0.06044888511515096 0.4643916915922214 0.3333333333333333 52.0 0.9610747235586827
106 199.285875 116.51982712175338 0.1822408634947233 0.10655048345188672 0.5018721747811902 0.3333333333333333 1.5 0.9782916775708574
107 188.436 74.3547892201687 0.16970047540399896 0.06713521644676168 0.7086303940539697 0.3333333333333333 25.925 0.9496127763385923
108 187.3125 76.60205897456348 0.1724792817679558 0.0705359659065962 0.0 1.0 0.3 0.9525117097371368
109 212.5625 1.917341065510025 0.24714552386380306 0.002245328253201237 0.25 0.5 1.1 0.9829987256328566
110 178.066875 152.39700049009792 0.13467501893676462 0.1151476752963673 0.18883201215053444 0.3333333333333333 1.825 0.9377446557533109
111 181.135375 155.96444422254524 0.13287805455698692 0.11440414988329412 0.3452352661850589 1.0 0.575 0.9421860444366721
112 204.1875 3.7611998544183063 0.24230223214820068 0.00449752905996638 0.25 0.5 0.95 0.964799553334811
113 217.3125 1.9545119027677276 0.24664311264360259 0.00223357602943495 0.25 0.5 1.0 0.9979912293809826
114 180.029375 144.9292046910441 0.13394922354956781 0.1081743949227827 0.5176278742389059 0.16666666666666666 0.8 0.9458717937357308
115 193.5 33.633863886106745 0.20941558441558442 0.03640028559102462 0.0 1.0 0.625 0.9712756355831993
116 190.90725 127.34970907121294 0.1300636096264634 0.0867932112293431 0.4549972045668596 0.5 0.5 0.947457846046686
117 199.889125 57.98086372779412 0.18705049168534768 0.05420712362242952 0.46425936033897625 0.3333333333333333 2.125 0.9684950727531355
118 184.96325 153.14204966049354 0.13430896142189466 0.1111678229971668 0.2874134564428347 0.2 0.25 0.9609879216225398
119 186.665625 42.44208122042418 0.20594151227307467 0.046620478793443096 0.5437658220385921 1.0 1.275 0.9375364879530177
120 183.5045 170.2378208650238 0.12946980127865682 0.12009329289171594 0.17829714180778444 1.0 0.35 0.9486362037390543
121 207.797625 12.858275347812297 0.23471823947573642 0.014873766683201272 0.27088619783832324 1.0 0.0 0.9851006808954894
122 193.858 58.60119895435065 0.18999577301051868 0.05737911325044189 0.4514194954386448 0.3333333333333333 26.775 0.948476886535097
123 212.6875 1.7566822579430308 0.24772700245444224 0.0020608693990345397 0.25 0.5 1.0 0.9885425693289773
124 197.185375 126.21520991246966 0.13050403413363829 0.08351155980823259 0.42619005677821586 0.5 50.8 0.9684007589722555
125 185.40175 59.834091206467434 0.17627366312815548 0.05625220796513001 0.4363039181223227 0.011363636363636364 151.425 0.9331048693889222
126 184.375 86.39267641117529 0.1686870997255261 0.0790417899461805 0.0 1.0 0.1 0.9597888945543721
127 197.64975 71.18535300208647 0.1670770243044477 0.06017247937260856 0.5323879461586143 0.004484304932735426 27.075 0.9571330850002576
128 196.58575 133.36263464647968 0.12787030442207267 0.08672339076777018 0.33664961804844906 0.011235955056179775 75.9 0.9732280437611404
129 186.225875 160.97427185844668 0.13094414494508547 0.11317196555368471 0.23405086789961715 1.0 100.175 0.9725753591397176
130 191.936 33.94565003361035 0.1985066094188895 0.035387208505435475 0.6108228597053085 1.0 101.1 0.9388114177007945
131 183.88075 160.58266610331808 0.13106215698197843 0.11446326360577168 0.281518449762838 1.0 0.3 0.9500216000944496
132 176.94775 161.78116642366555 0.12898087013268064 0.11793811388873307 0.23918736733624696 1.0 0.375 0.9368383401470496
133 196.22575 65.99575435908775 0.18387881074915605 0.06184248962275227 0.4748020358350721 0.3333333333333333 2.05 0.9560956334105775
134 202.122625 8.67263640679093 0.2405963122270325 0.010398802925392208 0.6601568588619361 1.0 1.4 0.9715597060631037
135 200.4205 67.49141021383332 0.1848674665580532 0.062255923601999726 0.46459146382237543 0.3333333333333333 1.825 0.9681937203092251
136 198.464625 141.34145407321665 0.12698041504797838 0.09045253859445271 0.36661379960154533 0.5 25.6 0.9804879466143698
137 188.228 183.1685632151372 0.12227373018055955 0.11898089214564743 0.19318523602748972 1.0 0.35 0.9791589127000478
138 188.139875 57.4610809104833 0.1818820439091086 0.05493774423886468 0.360371272135344 0.5 100.825 0.9463531327594
139 194.023875 56.144218142881336 0.18481962954882328 0.05369954391848689 0.437891749004425 1.0 0.35 0.9636568887077182
140 198.1045 70.03170684412078 0.17953838934042546 0.06349235751126472 0.4687987672953171 0.3333333333333333 1.925 0.9625642038142272
141 185.073125 169.82218375991064 0.1298867822600539 0.11910344149447906 0.24477420499426264 0.14285714285714285 0.525 0.9603656764961841
142 182.4625 119.64219183300096 0.13624021746633957 0.08934863646323059 0.44757353601791866 1.0 25.275 0.9353488598915045
143 183.59625 104.31088961932593 0.13714187406356593 0.0777835230095913 0.3792040845751278 0.5 51.475 0.9297670648555814
144 175.377625 109.64078639141651 0.15487963206380106 0.09651808856448674 0.3247762402582947 0.2 26.6 0.9172635416128754
145 194.681875 132.0504700912053 0.1283790438726066 0.08705977735721185 0.35759172422753793 1.0 0.4 0.9750188764605953
146 177.587875 151.68461996919802 0.1327425673819701 0.11329522271049103 0.2585773886601415 1.0 75.625 0.9382432767409844
147 174.763 122.35778469627051 0.14587131447323518 0.10190732522909714 0.298103247299554 1.0 0.825 0.9136157436536216
148 202.44325 18.185928207303515 0.22857670898925123 0.020900699695142858 0.25608001824518783 1.0 0.25 0.9717765148454015
149 186.941875 146.03305600422982 0.13714605135353974 0.1069982535653033 0.21258952667109093 1.0 0.425 0.9680505559320076
150 185.874625 106.80679212481294 0.1423680331617936 0.08168123658004314 0.4101946552004425 0.2 0.925 0.9382064545384436
151 204.58825 116.0597486862453 0.12610901529557642 0.07153991950562508 0.4709143692868015 0.3333333333333333 1.65 0.9919649175239286
152 191.820625 139.97471658161498 0.12352558082608654 0.09014736135359483 0.36643364499913067 0.5 25.725 0.9577823822098839
153 197.5325 46.395310723543986 0.19455904459595735 0.04502467553691874 0.30573773979872687 0.25 0.9 0.9657220217678114
154 209.11275 14.675871376398318 0.23237291020201897 0.015961710673002134 0.21766188283441198 1.0 0.0 0.989787059581687
155 174.598 45.11192778292673 0.18100178233864125 0.0458857887681386 0.45826919096720126 0.5 26.625 0.8835927848175656
156 209.1875 6.21148801495268 0.24283774921621315 0.007263412811964498 0.5 0.25 1.5 0.9758601886437791
157 178.5 75.45419599968946 0.17431640625 0.07368573828094674 0.0 1.0 51.15 0.9294093499705967
158 194.51325 51.69440696088443 0.19205973409893784 0.050955448002202405 0.46742393243903635 0.3333333333333333 1.7 0.9478828226292795
159 187.26125 76.50570699394704 0.1474289391198729 0.060028346983342175 0.4186485787191771 0.5 0.7 0.9324469311972905
160 191.4595 95.61660111180883 0.14733783811781095 0.07334628424776465 0.3730637576214639 0.5 0.625 0.9539068762118024
161 189.89275 90.08458763193475 0.15340330524836288 0.07252311591743228 0.3925546888788517 0.5 26.05 0.9429221435824439
162 183.44375 152.71699864695105 0.12909740827379876 0.10735718591123648 0.21088903661722935 0.5 0.625 0.9646454897010606
163 192.385875 99.37016738450052 0.13215280910485455 0.06822188552696852 0.50778300704448 0.3333333333333333 1.5 0.9527762399785064
164 197.256 126.04243299327672 0.13059639283449595 0.08343759210580959 0.4052682460136954 0.5 0.5 0.9696734304455031
165 205.75 3.598499672957776 0.2443167132428893 0.00430557528443582 0.25 0.5 1.175 0.9718708286262818
166 210.3125 3.430946503793254 0.2445105829708761 0.004017908292144451 0.5 0.25 51.825 0.9815362974605847
167 186.124 114.11856066387489 0.13262405307928862 0.08121859751690698 0.3611379981003404 0.5 25.7 0.9382823572180535
168 199.79975 68.78879829421028 0.16972911485384828 0.05841588158863829 0.5443283736809481 0.25 51.975 0.9671085472604735
169 204.083875 64.91012847626013 0.1883971158646142 0.059906396810816914 0.46960558649550516 0.3333333333333333 2.0 0.9818658311250313
170 181.0255 162.24043653857666 0.13124131922315824 0.11757010148017374 0.19770189059160226 1.0 0.2 0.9458263305511883
171 194.08875 119.21379035301966 0.13531651042765772 0.08307084664992663 0.43124001491409175 0.5 100.775 0.9635809860281066
172 177.875125 134.1448301014087 0.13991524367743652 0.1053424382478174 0.302085717033137 1.0 0.725 0.9361781436808914
173 203.6875 66.16894686487042 0.17346166917977598 0.05631279801838179 0.5590811677450699 0.25 26.775 0.982195364789479
174 195.807625 43.32259178003019 0.20159845562644113 0.04442737662350139 0.46565032979637083 0.3333333333333333 2.05 0.960667028940096
175 183.7175 43.18459412694944 0.18242290364322888 0.042701235616950856 0.5811382558051796 0.25 52.025 0.9122867097393003
176 190.0775 174.94311501319123 0.12789703384938797 0.1177008674933225 0.22031105691676156 1.0 0.2 0.9832696385816984
177 197.591875 60.43152208911649 0.1889687489031646 0.05774962029290016 0.4382868914811008 0.3333333333333333 2.05 0.9693893599655993
178 177.16375 45.685624435260124 0.20820094426614152 0.05302706864857368 0.47326983095572167 0.008620689655172414 27.025 0.9160265632049052
179 184.62525 139.5940039821762 0.14210268344914925 0.10770732349415957 0.38619687360519134 1.0 0.2 0.949220497525604
180 218.5625 0.4040063509461097 0.24964060566175014 0.0004646323044704942 0.25 0.5 1.0 0.9991229947515425
181 181.6525 99.41319360252876 0.1609715781800902 0.08747463818982099 0.14739719237956356 1.0 125.6 0.931521075352496
182 200.795 14.837849006324095 0.23074609846343438 0.016621986294856676 0.15883562200549498 1.0 0.25 0.9788207380535994
183 183.763 18.25609767184082 0.2168609938192174 0.02172232908285924 0.5168053861895766 0.25 26.675 0.9301702429251119
184 200.688125 109.37353390149623 0.12939719299945185 0.07048488754067643 0.43694331626358185 1.0 0.575 0.9859104244463393
185 181.125 85.96480468801056 0.16632231404958678 0.07893921458954138 0.0 1.0 0.5 0.9474176364323503
186 187.17675 161.8215117600751 0.13346253129146662 0.11534718256135215 0.21434030591458647 1.0 0.0 0.9765267678174101
187 187.247125 68.88413619873371 0.16619758690552974 0.06115246374847837 0.5521129150912368 0.25 1.85 0.9295416150912816
188 195.73425 65.60671229176528 0.18705770202498717 0.06270077322962522 0.49919790075779646 0.3333333333333333 26.9 0.9519653672903915
189 187.850875 40.31421610196651 0.20070061217655444 0.0417827983720882 0.3268776703251927 0.16666666666666666 0.2 0.9458815638549983
190 174.45125 66.72198641814121 0.16279769670198482 0.06179757853963581 0.3969187008878914 1.0 1.1 0.9054006745977956
191 185.506125 19.41499132745673 0.2177732592789897 0.021939195908233466 0.28575164324931907 1.0 0.45 0.9193395739295013
192 197.25 7.038522250450579 0.23569684226256415 0.008477734230454437 0.25 0.5 1.15 0.9581498672141393
193 188.995125 142.66156225703605 0.13929338293086987 0.10559276842906914 0.5429234858776856 0.3333333333333333 0.925 0.972010605591703
194 195.770125 83.1764247608366 0.16949608001541114 0.07113445473340568 0.2142016499760908 1.0 0.0 0.9750568278004006
195 184.364 168.92457337465657 0.128768040818363 0.11795096834854471 0.24803633961965826 1.0 0.2 0.9571503669642608
196 205.9965 28.830533681146832 0.21191459327481157 0.02973240126102951 0.5080292159680831 0.3333333333333333 1.3 0.9843829928509898
197 198.019 129.2503382454449 0.13128687515409931 0.08564299243187294 0.34897907987356475 0.5 0.5 0.978093279889831
198 201.642875 38.78727250075185 0.20964669718192766 0.04031412167823454 0.6383727898697147 0.2 2.2 0.9676364786059483
199 192.522 33.059455148195255 0.20610686899244116 0.03549537176157941 0.2643628978851083 1.0 0.175 0.9601109163740843
200 195.504875 30.502972551918404 0.2100525189552049 0.032709139957967766 0.5996730212333182 0.2 27.35 0.9598084347929097
201 204.028125 69.81672636318642 0.18431946080834985 0.06307319777574702 0.47340652219444124 0.2 2.075 0.9793768506196104
202 184.225875 26.04441375416666 0.2155613284359032 0.03036452089107163 0.6053529573301015 0.2 2.125 0.9250611459308499
203 183.374875 77.4801728673639 0.1642011422546177 0.0694614153646832 0.41286214180056385 1.0 26.35 0.9260531343359862
204 185.207125 58.48070607911759 0.18714964261038575 0.05825050650693488 0.33143261491977005 0.5 1.2 0.9520931158620197
205 187.315 57.18345736649515 0.17878891542131586 0.05463795692335899 0.029587502852068757 1.0 1.025 0.9392634463666595
206 200.467125 30.981802990432435 0.2171132910686056 0.03297768215184293 0.2641311402711552 1.0 0.0 0.9696734304455041
207 206.5 4.895346088127609 0.2441916139526972 0.005832627674871523 0.25 0.5 1.0 0.9717581037441315
208 179.7275 89.99538581861516 0.16198274069093777 0.080409949758527 0.20095411774945962 1.0 0.45 0.9263913089824338
209 187.15625 167.12785602372975 0.13187256531479988 0.11813810035267516 0.32690082045973146 1.0 0.15 0.9766308517175571
210 192.58 177.94338067071337 0.12939765056633118 0.11953685761013566 0.1992194338238461 0.25 0.325 0.987899654826821
211 203.744125 74.17180570213065 0.16711645648121684 0.060840330870494654 0.5425556005114459 0.25 26.875 0.9756336097422134
212 182.989375 145.54404250668966 0.1374431596591842 0.10913212338150598 0.18883201215053444 0.3333333333333333 0.875 0.9525767131602146
213 182.4815 125.12689209400115 0.13993048991227947 0.09649806166318006 0.47494150577235356 0.5 0.525 0.9519815201171318
214 183.089375 141.89818896367868 0.13897684566233348 0.10753345452627963 0.2870085455022323 0.25 0.825 0.9541236849940993
215 194.55275 116.38973072011542 0.1348223377856371 0.08061047305301977 0.41528427664470485 0.5 50.95 0.9663442668941651
216 194.4375 11.752132866126257 0.23385625378601316 0.013484961045528881 0.39623918152056026 0.3333333333333333 1.675 0.9517008370490234
217 185.915125 117.70166714512762 0.1411086859545021 0.08981534854973933 0.4242962268966287 1.0 0.2 0.9511251842444738
218 175.618875 30.355953011351435 0.2239828968026153 0.03773022866696145 0.49117355570567084 0.007575757575757576 1.75 0.8932755356158747
219 185.327875 168.07788544168216 0.12997548817319204 0.11783504397471313 0.25731729999061365 1.0 0.05 0.9493343515450183
220 203.538375 39.73652765683728 0.2085630642297193 0.04098399553318216 0.30371663278931704 1.0 1.0 0.9824685360128526
221 189.03125 165.10382438263767 0.1319343278835013 0.11517281815180928 0.22749034819546798 0.2 0.175 0.97303941619938
222 204.8125 7.501490603052323 0.24131868063912093 0.008905686920715276 0.25 0.5 50.975 0.973501214984515
223 192.064375 58.75124671616659 0.18537616886934305 0.05666509151699316 0.47793889687755264 0.3333333333333333 2.05 0.9524542181587979
224 185.181625 40.479964125627156 0.20271049295302937 0.04411498633937101 0.4460737708749354 0.3333333333333333 1.95 0.9169730884254982
225 194.7745 115.78848934868932 0.13761683388533885 0.08174880742088002 0.4503002339767409 0.5 0.8 0.9628178347990644
226 185.8125 13.95036076044892 0.2242594195219936 0.016981482231203906 0.6462348620485163 0.16666666666666666 27.425 0.9004445121000197
227 198.338375 12.176938571242793 0.23269268713664099 0.013548162980043636 0.2648085262169889 1.0 0.0 0.9615831146656235
228 211.14125 2.358039604046328 0.2466556474901512 0.002772197533159916 0.26880538618957667 0.5 1.0 0.9820555878240567
229 191.357375 104.34670582590502 0.1857318341250853 0.10123333156324484 0.5059740790508878 0.3333333333333333 26.65 0.9471283123822389
230 209.75 0.3855494016015464 0.24940107770041703 0.0004618191625929072 0.25 0.5 0.975 0.9857315670038478
231 192.407625 19.725226399326594 0.2244780367921691 0.023303331370557092 0.274136098321792 1.0 100.375 0.9524542181587988
232 198.126375 62.048384438463415 0.18940227773023838 0.05928674878966296 0.4777611696960201 0.3333333333333333 1.875 0.9715488068065711
233 176.595 137.3463993051875 0.1376620116522529 0.10687863155097281 0.1804028105476973 1.0 0.575 0.9295134338707426
234 197.086875 65.64684988345873 0.1869584270203981 0.062260644566122264 0.47875274835097026 0.3333333333333333 27.1 0.9590377717191276
235 214.125 4.558100835729238 0.24107251408183036 0.005167288814456235 0.25 0.5 1.0 0.9943791244870053
236 183.149875 50.992495288683855 0.18529678477796607 0.05206829918893382 0.4029321916852656 1.0 51.375 0.9277301130160271
237 193.205375 59.32607102757036 0.19070961596252764 0.05851151073989057 0.4780886270596001 0.3333333333333333 2.05 0.9436398316269441
238 187.667375 76.90495487227524 0.18149083150215903 0.07411435235624139 0.4693247479517608 0.3333333333333333 1.7 0.94931368216922
239 218.8125 0.15088834764831846 0.24978452967551198 0.00017341336050063344 0.25 0.5 1.0 0.9995002498750625
240 218.8125 0.0625 0.24992812113235005 7.18788676499778e-05 0.25 0.5 1.0 0.9995002498750625
241 195.107875 63.60480238605748 0.17566969613083858 0.057228826302191206 0.5477017899041984 0.25 2.1 0.9585553035581963
242 194.578875 61.4583641606405 0.1880781501739018 0.05938109888047723 0.4546002774471932 0.2 1.7 0.9467044649369117
243 201.42825 58.62685699892295 0.19138887097923368 0.05564157860494247 0.4711516834556479 0.3333333333333333 2.05 0.9805258979541763
244 206.96025 16.85813490576667 0.2309890360085549 0.018049852616046125 0.2645433226157857 1.0 0.0 0.9839309641851246
245 181.46375 103.32740042368064 0.1567917166808802 0.08884852527800319 0.30765956668837935 1.0 0.9 0.9463520036221341
246 202.65875 141.82048413184137 0.12593953567841684 0.08812975974203588 0.32599232415183477 0.5 25.7 0.9914553972797235
247 189.73425 49.442882374844444 0.1975386150582171 0.051390131064567315 0.5022139612266057 0.3333333333333333 2.025 0.9354443028096521
248 195.8995 126.76178600077412 0.12814040601549975 0.08288181099868165 0.3844273090646738 0.5 25.625 0.9720399159495058
249 185.0015 63.284384953691216 0.1582545838131021 0.0538092230349212 0.49755146835905806 0.3333333333333333 2.075 0.9340002857386501
250 184.80325 181.04355107729123 0.12582381514344992 0.12327454673312573 0.22735750733996365 1.0 0.1 0.9496161637503922
251 194.839875 60.262989321404774 0.17710511308934918 0.05469919646107736 0.5369550543967232 0.25 1.9 0.9564435781762956
252 200.202625 89.39894566275585 0.15677322674013322 0.07019025277470697 0.4630136568877068 0.5 0.45 0.9757181534038256
253 179.464 143.89418963853436 0.13844401568462966 0.11093253778389581 0.26728038935790654 1.0 25.875 0.9466349449647744
254 198.806375 10.975614997221491 0.232170625657529 0.012916580378266651 0.2688053861895767 0.5 1.625 0.9494482055644353
255 177.04975 126.31927626648735 0.14599936625753815 0.10387429726417492 0.23300406432649315 1.0 25.975 0.9358388398971756
256 193.0 5.032806250027004 0.2391440498279271 0.0062890235630069635 0.5 0.25 1.4 0.9343602588981651
257 190.9095 21.78328650406965 0.2238980072632919 0.02399684756364993 0.22521373239364353 1.0 0.275 0.9502763602165538
258 199.69125 9.613491210199244 0.23550745741663076 0.011376216748268783 0.25922015157839806 1.0 0.125 0.967863057507514
259 197.0435 132.34921908399102 0.12930049609254457 0.08684196225461022 0.38595584046266296 0.5 51.1 0.9721158186291151
260 204.860375 20.81710391619039 0.22545491670274143 0.02320359813393977 0.21071832449802913 1.0 0.15 0.9819037824648369
261 187.600375 164.766704167611 0.132278617414714 0.11615212033249285 0.2045020827924189 1.0 0.225 0.9715867581463742
262 201.568375 15.194483281533282 0.23215414852552743 0.016823235127613287 0.3049378364053453 1.0 0.025 0.9724074009537592
263 192.491875 43.69749456804173 0.19908220627535966 0.04505431323486467 0.482635616396518 0.3333333333333333 2.325 0.9489277860636982
264 201.691 25.952036562282547 0.22226808501975137 0.026734392299731912 0.21514371957207973 1.0 0.15 0.9748595592566395
265 189.7905 45.366461172244456 0.19681971462970752 0.04692335175425607 0.48768085458331134 0.3333333333333333 2.0 0.9323146660766058
266 195.36175 111.01202018857948 0.12614862946492408 0.07166968086628636 0.4637871554790474 0.3333333333333333 1.55 0.9656472482254648
267 198.86625 17.240774172766248 0.22625116221494038 0.019308269297727804 0.005203517833875258 1.0 0.425 0.9676560188444839
268 196.3595 57.73886915744043 0.17973715208808932 0.05275739707148186 0.4507415327437069 1.0 0.9 0.9677394333688315
269 194.630125 124.65377475539493 0.13100150100568492 0.08386940716972031 0.36842438549914436 0.2 26.35 0.9685405359376777
270 209.8125 8.500396930078988 0.24321308378861617 0.009925416211260278 0.25 0.5 1.175 0.987447626160958
271 188.1955 21.639312013862494 0.2266649103662753 0.025065034690840544 0.29566975597341194 1.0 0.4 0.9474274065516217
272 201.868125 61.356407852106344 0.17890814603622193 0.054392713725620316 0.4626549207759184 0.5 0.55 0.9826008011335364
273 190.46 105.03206502133841 0.1497004784165634 0.08228283311375811 0.30786855848736255 1.0 0.0 0.9674271816683888
274 218.5 0.5106687433035311 0.2495687267941001 0.0005873006562063197 0.25 0.5 26.075 0.9990286809706624
275 176.682125 109.74848602084458 0.15208401013402123 0.09403143383910885 0.21985825867436173 1.0 0.475 0.9307556658489231
276 200.536625 60.50429174205166 0.18982605057981072 0.05723216734826991 0.46187939170911085 0.3333333333333333 51.875 0.9713613083820761
277 200.53125 138.7259787889786 0.12720990592021397 0.08799669255477159 0.3516901512119295 0.5 0.5 0.978254855368318
278 185.192 152.61573858704202 0.13451884397191577 0.11078476749729635 0.24948576362195857 1.0 0.25 0.9629489707824845
279 198.3975 44.94620634343366 0.19524910224614558 0.04426659889518304 0.6178127904446178 0.2 1.95 0.9563688046339504
280 207.3125 3.9179333394770492 0.24486797225626758 0.004662479442618077 0.25 0.5 1.075 0.9788293790356022
281 188.959 125.29597393631599 0.1304926969991231 0.08651251504759998 0.3973444534056073 0.125 100.875 0.9466556143405743
282 207.459625 14.756132163492213 0.2330417606348587 0.015774760744157203 0.2680944544924693 1.0 0.075 0.9874855775007622
283 197.58475 60.427178293643315 0.19122451469838472 0.05846849227867773 0.4829078758537183 0.3333333333333333 2.025 0.9631007761417056
284 194.385 99.95568889165156 0.18455383888813975 0.0948135557799779 0.49119193448354515 0.3333333333333333 1.725 0.9682673647143056
285 197.324125 41.369945328680174 0.19919687721008114 0.04178678774373182 0.6047053915656136 0.2 27.325 0.9619874218724167
286 215.0625 5.163725586022123 0.24351537803297393 0.005887476461932171 0.25 0.5 0.975 0.9953699837548774
287 179.055375 153.00286273332674 0.13293358286466894 0.11351139536434196 0.2301991406804552 1.0 0.4 0.9411854150495335
288 205.123125 73.38769275118244 0.16623937972066097 0.05947541417233812 0.5499350280336095 0.25 1.75 0.9834030328396489
289 188.2265 110.7967307749873 0.13485284342584822 0.07922680690777203 0.3381618173758333 0.5 50.775 0.9555459035520386
290 195.51375 124.23187464795664 0.13387331675177297 0.08504311186598328 0.42326836519765726 0.5 25.65 0.9595375218440647
291 193.5205 128.24862974698658 0.13085113680010987 0.08695164575003436 0.48137115275933906 0.5 0.5 0.96459025639725
292 192.41425 171.1159760609992 0.12859846651097245 0.11433447799727156 0.20010986226624392 1.0 0.2 0.9836284826039476
293 189.94775 48.66698742721454 0.1985688793883329 0.05075350111631397 0.47907753902525557 0.3333333333333333 2.075 0.9406206615015202
294 215.299625 1.7337774290517638 0.24718108042505124 0.002003882789224249 0.2641054881350731 0.5 1.0 0.9922673991051049
295 200.29275 61.777472572378215 0.19010554303698846 0.05861083102970063 0.46640521729853435 0.3333333333333333 2.05 0.9691834504398331
296 183.035625 165.539528865416 0.1293954445902877 0.11696657002234054 0.18076642701636772 1.0 25.75 0.9593661762463092
297 187.0225 176.5236520834861 0.12817763509681712 0.12096109109326988 0.21986267716617555 0.25 0.15 0.9681080475103472
298 187.715 164.90378666534951 0.1300574457057609 0.11426498393601904 0.24414495769513034 1.0 0.2 0.9705493065566936
299 218.75 0.10825317547305484 0.24985624226470002 0.0001244978507602805 0.25 0.5 1.0 0.9994059360941824
300 194.5 40.3676860160207 0.20155440414507775 0.04183179898033234 0.0 1.0 0.0 0.9676278376239462
301 214.5625 0.5925971987826372 0.24890473465340301 0.0006923348172400092 0.25 0.5 1.0 0.9943043509446599
302 199.779625 139.9956094865113 0.12715910245095025 0.08909690092600883 0.3287215435814053 0.5 0.6 0.9834496251614557
303 201.93675 70.28129251375647 0.1986716574745443 0.06921912128486506 0.549952815152839 1.0 1.3 0.9877110272650622
304 180.91925 102.33032583543351 0.13774786301495634 0.07775387718325386 0.4056385438596715 0.5 51.375 0.9275598965555366
305 205.5625 2.942816737746778 0.24645112738421038 0.003555296075627492 0.25 0.5 0.925 0.9732757652202144
306 201.397875 11.48813399473585 0.23310168489609093 0.013532094936351317 0.2737852206267525 1.0 0.0 0.9792434563616627
307 200.12 120.69649218524849 0.13671666577493016 0.08240289761712064 0.37995584046266295 0.5 26.3 0.9836382527232166
308 183.590375 162.9724498659231 0.13199237491508486 0.1172000418185566 0.2467436579114877 1.0 0.3 0.9530960035236851
309 190.198625 128.4550526863913 0.12978161439411146 0.08763276905294173 0.36200497907125145 0.5 25.625 0.9507956505800266
310 208.375 1.5260977424872917 0.24694044751715177 0.0018221206266655064 0.5 0.25 1.775 0.9689016382344584
311 178.72875 138.3068841816899 0.13762703345384927 0.10702780682784882 0.5692530977352203 1.0 0.2 0.9379419242970737
312 181.7955 165.57665544780468 0.12860294551443158 0.1170926728318909 0.2164404261364455 1.0 0.35 0.9538591547527291
313 190.17 112.2647684378215 0.13859774232172356 0.08168693010344683 0.3703337795290208 0.5 50.825 0.9665122250801265
314 178.79825 119.26374994040998 0.14619463898810353 0.0972076459243858 0.22951796960683843 1.0 0.7 0.9367440263661716
315 197.345 128.49295445762934 0.13392100803001641 0.08711014957754193 0.31114813964271393 0.5 50.75 0.9702870345898553
316 186.373375 111.42751760806836 0.1338387055960709 0.0798729491937697 0.3111750786276106 0.5 0.9 0.9482860006988075
317 182.756375 134.63604675969037 0.14375609612504453 0.10574816787288385 0.3248019697145243 0.25 25.675 0.954499810980355
318 193.26575 49.221996842247606 0.198639884635469 0.05066166735537754 0.6122562082638439 0.3333333333333333 2.2 0.9493039120499482
319 188.9735 48.136742237978304 0.1971272102614135 0.0500805467610014 0.45084918941038565 0.3333333333333333 2.0 0.9474837689926963
320 193.825 98.44779670457055 0.14140203587358655 0.0720631089988656 0.5531066976013292 0.5 25.875 0.9622876451790539
321 198.8325 141.46205635978208 0.12581596618420268 0.08950039443827831 0.311148139642714 0.5 0.5 0.982337400029431
322 195.6855 61.91585097857915 0.1714366293835053 0.05417732695105097 0.5323997235880142 0.25 27.225 0.9623928582164739
323 189.206 87.55049546637402 0.13912082661800615 0.06426961394942385 0.5044072130774205 0.3333333333333333 27.175 0.9449113739629269
324 181.8515 144.05053777225214 0.13917423333661433 0.11018345512615076 0.34346079144846997 1.0 1.05 0.9529810203670064
325 197.4375 6.821788892218327 0.23996787642306933 0.008358721121522724 0.25 0.5 1.475 0.9484573462965632
326 197.995875 67.54696324833988 0.15748513059491928 0.053462530521197184 0.519662593847861 0.3333333333333333 27.175 0.9710956490034419
327 208.75 4.999607161956892 0.243822703125011 0.005882722424536445 0.25 0.5 1.35 0.9871549146990506
328 196.310875 51.44622599839148 0.19097443960433572 0.04996942467356038 0.5052992933540033 0.3333333333333333 52.2 0.9606963392978981
329 202.819 42.29305704287735 0.2007865954725662 0.041832614372313816 0.6044359152028238 0.5 51.05 0.9663931174905028
330 180.65875 99.50910816042833 0.155247322981109 0.08508031936767904 0.26558771489813987 1.0 51.05 0.9292770848499096
331 178.94025 100.93966888281587 0.14101553204855316 0.07936287598094834 0.3477682223739143 0.5 25.625 0.9139268662168002
332 200.676875 68.0131214489003 0.1840360051580667 0.062382080064595315 0.4466222008261178 0.3333333333333333 126.85 0.973341897780556
333 207.19625 41.735041000839075 0.20449434167404637 0.041193126751551186 0.6077376875436834 0.2 2.0 0.9871180924965096
334 182.706125 31.507444610708138 0.21168973571692948 0.03646141060795467 0.6168347985405698 0.2 2.1 0.924881159351093
335 192.666875 21.207356022269728 0.21945486315759766 0.024097410996625355 0.25846615000167866 1.0 0.025 0.9566137946367862
336 198.387875 59.9307779322338 0.1762986405279371 0.053293113249924334 0.47846803870357263 0.5 1.0 0.9705308954554259
337 191.151625 120.40345954142262 0.13123142060728707 0.08258991788306418 0.36357188482141434 0.5 51.025 0.9524455771767941
338 181.845 148.67246209392695 0.1362630258480251 0.11127598709424041 0.20479257684787225 1.0 0.325 0.9501256839945992
339 194.04925 131.71282917785635 0.1286528934306181 0.08733713134514605 0.444917630514454 1.0 0.15 0.9577173787868065
340 189.267625 42.25593141690978 0.20120677823961342 0.04267193324440493 0.08973600934760334 1.0 150.8 0.9504368065577786
341 200.229 55.280264935939876 0.19407337860292637 0.05349070473930362 0.4430755317922016 0.3333333333333333 1.75 0.9760845092708147
342 193.354125 106.58333395291577 0.12793198771314962 0.07050992736591252 0.5006296711781546 0.3333333333333333 1.35 0.9657686140896171
343 187.980625 81.66725855863723 0.15564153358593064 0.0672796816602404 0.42225453246102485 0.5 76.225 0.9443161809198448
344 197.524 53.989510736764224 0.19547524391123097 0.05336037761114231 0.4809441146671547 0.3333333333333333 2.125 0.9539275455876021
345 211.5625 2.0707568919725508 0.24583047062787863 0.0024236018760989053 0.25 0.5 1.0 0.9841770833252245
346 192.773125 107.11468252903414 0.1293770198098547 0.07197024467668434 0.5016931381175805 0.5 25.725 0.9665513055571959
347 191.394375 138.96953926569358 0.1299339457491236 0.09428453987560248 0.3958651715392057 1.0 0.25 0.9673339970247715
348 190.487375 31.537728124986497 0.21345741812371977 0.03527538958339272 0.6117656969457128 0.2 2.05 0.9346432002408048
349 194.1875 36.76666565941418 0.20483913502109705 0.03878340259431875 0.0 1.0 0.25 0.9670901361592037
350 181.122875 39.746750311242565 0.1822836315849137 0.03979099815870337 0.5675292641452029 0.009900990099009901 26.5 0.912869874388586
351 201.7525 67.46879884438707 0.17172301402020546 0.05703728809754912 0.3008708309221984 1.0 0.2 0.9834409841794539
352 192.847125 43.07145242644236 0.1943287713318335 0.04325970453429432 0.4419919155334417 0.5 50.45 0.9488443715393498
353 179.466875 149.12608122688374 0.13462901314078124 0.11180820065515253 0.23405086789961715 1.0 0.0 0.9362551754977648
354 205.75 9.775008315392766 0.23445649153617165 0.011220178320103823 0.6462348620485163 0.16666666666666666 77.25 0.9744259416920447
355 192.345 78.12797242684442 0.1635312777584206 0.06695234419501538 0.26479375142603434 0.5 0.25 0.9662131309107455
356 189.500125 45.42847008361439 0.19350097827985838 0.04627130795990047 0.47374052664355143 0.3333333333333333 1.725 0.9503597747409037
357 190.86675 126.22432716937232 0.1281358685361338 0.08470605124045165 0.38595584046266296 0.5 50.575 0.951851513270977
358 186.376875 22.295902727577587 0.21824303522886412 0.02595240032075167 0.5966333644385227 0.2 1.9 0.9287577944864404
359 183.297875 167.55670084681415 0.13028881133650494 0.11904479694154207 0.2164035984930202 1.0 50.3 0.9558874656102815
360 207.96275 9.349690519059465 0.2385479805089629 0.01098034321626125 0.2515040783865464 1.0 0.0 0.9844784357691345
361 194.030625 130.1276196440871 0.12948259777456164 0.08681003960760296 0.3435538806303986 0.5 0.5 0.9634498500446868
362 191.920375 142.698647262619 0.12496871973640548 0.09296781581715158 0.3977615721037178 1.0 0.2 0.9624785310153491
363 204.631125 35.66318160475454 0.20335623577878284 0.03541803106406707 0.6077231146186831 0.2 27.175 0.9806483929555951
364 195.421375 25.594689983735478 0.21842499886776287 0.027358432016683667 0.2369927349759886 1.0 0.375 0.9649686406580362
365 206.638375 72.11228261027863 0.16863755789373847 0.05884202805208361 0.5503198722834184 0.25 1.75 0.9895127592210495
366 195.837375 11.184920681912246 0.23350768086566712 0.013650298518106306 0.2714276776446712 1.0 1.1 0.951361533265308
367 179.015 138.21553978065384 0.13896976189156435 0.10711995660121085 0.18525221913420073 1.0 25.5 0.9443064108005771
368 188.082125 105.17144435147945 0.12964353208913384 0.0723942178843519 0.36226474396104735 0.012048192771084338 26.275 0.946005187993682
369 206.375 2.276623975640379 0.24565228362511443 0.002730525613324544 0.25 0.5 51.45 0.9765474371932124
370 213.875 3.0145346428815745 0.24424969058800178 0.003466901385951324 0.25 0.5 1.1 0.9901361334846699
371 177.529 112.44690241551517 0.14923667019773115 0.09429678973567392 0.3501557999751348 1.0 0.425 0.935526588196734
372 188.09725 107.76345104937116 0.1457390469596714 0.08387821448333732 0.43730528019671766 0.5 0.4 0.9621001467545663
373 184.783125 94.87016093435827 0.14414814486991884 0.07378710689500248 0.35295794693278604 0.5 51.0 0.9478512539969487
374 214.625 1.1291581296002298 0.2488323585012673 0.001318451890752625 0.25 0.5 1.0 0.9917774190994346
375 207.250625 75.01880030783384 0.16600683646037986 0.0600880104018855 0.525014529935364 0.25 1.725 0.9882596279863367
376 195.379 52.93688954411385 0.18789184385474805 0.05081687964394329 0.46519422499635965 0.3333333333333333 101.825 0.9602529516140358
377 178.48775 88.96016314871238 0.1468944577804377 0.07287702905273423 0.33143261491977005 0.5 1.2 0.9107961003464893
378 203.10075 66.72789453321438 0.18560428167849247 0.06097842570735678 0.47717950092403427 0.3333333333333333 151.85 0.9766515210933586
379 195.37125 55.17156647323066 0.19450474023494838 0.054868308027570735 0.4701788199411999 0.3333333333333333 2.0 0.9547091079179147
380 211.5625 6.264347302758248 0.24145140310350915 0.007200228427015983 0.25 0.5 1.075 0.984110950764882
381 184.83775 161.86140750488318 0.1314953658483963 0.11508458792461383 0.18940289308728403 1.0 0.375 0.9554538480456864
382 197.11 41.70550640431115 0.19632558198802855 0.041359539247545575 0.43690224842341974 0.3333333333333333 1.925 0.9717644864516032
383 186.12375 43.29137179406759 0.19510948437112138 0.04426787212228982 0.34186406471403535 1.0 26.4 0.9333878107315617
384 186.891875 147.36668698343118 0.1290013351305835 0.10166328888240779 0.28006552104810456 1.0 0.0 0.9598193340494395
385 184.05975 116.60583306602487 0.147849758954554 0.09385234905619995 0.2807406469344479 1.0 0.15 0.9444116238379883
386 179.509375 153.62795218929008 0.13421949864197347 0.11475275114874227 0.20919506300288374 1.0 0.15 0.9419778766363784
387 193.178875 32.92172835852465 0.21056690889208488 0.036083715506365646 0.5562449361357027 1.0 0.5 0.9659549833768478
388 198.569 49.45106397020331 0.18965904028563904 0.04705978558528922 0.5423165962515482 0.25 51.75 0.9679182908113243
389 192.220375 64.85854616039802 0.17808434171094328 0.06010064086621609 0.491390850735121 0.3333333333333333 77.025 0.9475521598275668
390 194.49925 61.05300402857368 0.18842694758428366 0.05909221577813518 0.43524865822397313 0.5 0.4 0.9542375390135152
391 187.896375 180.2304964190609 0.12598343635788561 0.12105476028152075 0.3823074434149657 1.0 0.45 0.9695509354440847
392 184.452375 76.43966669692 0.16712091680664876 0.06955224843937702 0.42132761386676876 0.5 0.8 0.9451931861683034
393 206.34725 67.23917095239597 0.18812577758611576 0.06130103280698539 0.4686440054522312 0.3333333333333333 77.0 0.9877501077421313
394 176.174 127.7267863606641 0.13680640045232867 0.09900367507167065 0.30084166448039273 1.0 26.575 0.9260985975205277
395 189.9375 58.327456808760964 0.19108400402414485 0.05867953401283799 0.0 1.0 0.225 0.9581216859935991
396 180.72075 175.0071610627063 0.12585010927773846 0.12187392388635357 0.31451233013795427 0.5 0.15 0.936132680496347
397 181.29325 129.39943455672955 0.14501751116976494 0.10328692388576806 0.23991436045595393 0.3333333333333333 0.175 0.9439107445757862
398 197.78775 43.86230824686498 0.1985544626950911 0.04406153544588572 0.6057377618979092 0.09090909090909091 2.1 0.958424167574776
399 197.66225 62.77950160978704 0.1683695393572604 0.053426354362251745 0.5538616943554614 0.25 27.0 0.95787782512803
400 202.13525 70.9949593669784 0.1673782735769337 0.058785027702962 0.5422870285238424 0.25 2.075 0.9756704319447539
401 185.72625 44.784109170556974 0.18133293111390664 0.04355574531462793 0.5932721206727752 1.0 1.4 0.9393077804139329
402 190.3 105.31842314141028 0.14264026661013043 0.07878506179335508 0.40036504207124635 0.2 0.85 0.953331223407255
403 203.898625 6.218559622178971 0.23748703547778507 0.007298870532693997 0.5126040396421825 0.25 1.8 0.9633848466216111
404 200.240125 64.3283305388464 0.1862815947220647 0.05982769235708126 0.44804431419764873 0.3333333333333333 2.0 0.970116818129366
405 184.373 157.66444458470426 0.13474536449083863 0.11516013689335401 0.2505518896078675 1.0 0.275 0.9540000608554144
406 180.72 91.42535617910637 0.14400686313935987 0.07262016246347099 0.42191901214514965 0.5 51.2 0.9258622484996961
407 198.390125 38.5310701637852 0.2068878242644675 0.04017447573254302 0.6275323833361964 0.2 2.3 0.9572739911029452
408 203.37825 35.233890881110455 0.20185293304386767 0.03493928322903843 0.6037053915656136 0.3333333333333333 1.1 0.9822419571112877
409 217.0625 1.4524454304820311 0.24786820237876048 0.0016700872630451202 0.6462348620485163 0.16666666666666666 2.5 0.9976139742574627
410 199.25 11.867174398873198 0.22967386729992723 0.013783661613241056 0.5 0.25 1.625 0.9552370392633912
411 192.52675 116.19589753739471 0.12710567506559803 0.0769651942719367 0.3439071407659223 0.5 0.4 0.9702956755718574
412 203.493125 19.726725983751805 0.22436958638868038 0.02205732884897434 0.22809743477170114 1.0 0.275 0.9719369611866239
413 172.48125 109.66235695790314 0.14948178158520706 0.09475337121056447 0.3301024716917261 1.0 51.1 0.9090605009508448
414 189.61075 42.19466865253872 0.19561652647179778 0.04287324205257659 0.5721259970263163 0.25 25.825 0.9600143443186757
415 185.26625 88.55064173118569 0.19236848039032292 0.09182669408329489 0.5133391089852453 0.3333333333333333 76.675 0.9384893958810844
416 205.875 4.090070018370801 0.2421489982025569 0.004846960427662444 0.5 0.25 1.5 0.9713710785013443
417 185.080375 83.15426174192058 0.16330944906412326 0.07296550937678975 0.3644765433163729 0.5 0.65 0.9279675911741233
418 196.507625 58.82066346992202 0.18394605491779298 0.05502774123407617 0.4660367624469977 0.3333333333333333 2.15 0.9604415791757955
419 195.31575 123.00978545756858 0.12663056607650072 0.07960691442142083 0.36268483173109756 1.0 0.05 0.9703997594720044
420 180.279375 159.49370183380105 0.13239722171261137 0.11705978282583633 0.1404396523259401 1.0 0.2 0.9401122703945781
421 197.200875 141.77249167765095 0.12475688116902929 0.08968870555351341 0.35723330390980806 1.0 0.0 0.9709840532585545
422 198.27525 143.8869664832343 0.12506782926006138 0.09076778086429718 0.40320971091090524 0.5 75.475 0.9697872844649171
423 189.668625 57.292838056687074 0.17808924387963662 0.05379404161293941 0.44216148115049064 1.0 0.3 0.9549420695269544
424 197.215 69.34048034579608 0.1791368061006052 0.06300358272915034 0.47593889687755264 0.3333333333333333 1.975 0.9662879044530905
425 187.7565 117.51237264140757 0.1293991305255551 0.08094037395105926 0.4022511210255115 0.5 26.0 0.940668382960592
426 198.844625 64.42688824491351 0.18742226523276123 0.06071057706140938 0.45863612310722357 0.3333333333333333 76.85 0.9649122782169602
427 181.798875 150.7145630900377 0.13499174738620281 0.111871935942911 0.3202359227326112 0.5 0.425 0.9525387618204084
428 190.028375 55.45437754697511 0.19210884298598424 0.05600790696100414 0.5106480499560289 0.3333333333333333 77.1 0.9517365301142983
429 194.5 8.737192549878607 0.2371913078513018 0.010743228091883508 0.6462348620485163 0.16666666666666666 77.15 0.9370671773231474
430 202.8125 8.978160278282381 0.23320252567633296 0.010400727480425321 0.5 0.25 2.0 0.9705027142348898
431 201.601875 142.96717500984988 0.12548873089771773 0.08898536120431053 0.30842793718760486 1.0 0.0 0.9868731024936737
432 169.675625 77.37416687181828 0.169270999731506 0.07618863017637853 0.20029076726881043 1.0 1.75 0.9061063342484975
433 178.134 142.89614054894318 0.1340883254304212 0.1074322437712307 0.21962383709658279 1.0 0.675 0.9338225574334191
434 181.155625 144.13737464015156 0.1379248215678855 0.1096060660575962 0.25203877490519794 0.25 0.7 0.9568944777048947
435 201.811375 140.13568313053116 0.12710944306691005 0.08826032482028966 0.3559420106568639 1.0 0.0 0.9889848278755734
436 186.053875 86.84895350862413 0.145697817839708 0.06772420144930791 0.35502880165782424 0.5 0.8 0.941817430295157
437 180.860625 143.52026755046973 0.13541811004727283 0.10728143743071075 0.1404396523259401 1.0 0.325 0.9561117862373177
438 179.38 119.77121762701968 0.14464590116451898 0.0962646254243839 0.24102327391311643 1.0 1.125 0.9484539588847684
439 198.1825 117.54617418617025 0.14428697379435915 0.08544618528105309 0.33145989348957733 0.5 0.825 0.9799134229470883
440 185.940875 73.06899666860791 0.16228911065503804 0.06328407778109454 0.3751568827651355 0.5 1.4 0.9361879138001595
441 198.11675 52.72610703008165 0.1919136621294992 0.05100535275322221 0.47015168345564784 0.3333333333333333 1.825 0.9740377873119922
442 198.243625 23.402044315451626 0.22299825308711752 0.02658735600631515 0.23009167512610149 1.0 0.125 0.968305316054112
443 194.61725 61.48508677303345 0.17474692997067848 0.05514784308059995 0.5453739294853301 0.25 76.8 0.9516824259477527
444 203.339375 67.75722806666454 0.18629416984491748 0.06207664216326419 0.43527969217450146 0.3333333333333333 1.8 0.9791318606167762
445 194.2405 50.100302981563786 0.18517078181210145 0.04760841018675356 0.5604517031761876 0.2 27.05 0.9463922132364702
446 193.6785 58.175106131047826 0.17656586650220005 0.05303868309572705 0.43149161413562825 1.0 0.25 0.9629869221222913
447 192.49475 125.0984395615973 0.13342271092155608 0.08670345990980166 0.4270708744226742 0.5 0.65 0.962015603092953
448 190.3175 59.43187582102117 0.1727556724342439 0.05387458563046863 0.5380182523091009 0.25 1.6 0.9427139757821503
449 191.0 66.13199454717291 0.18543689320388348 0.06420581994871156 0.0 1.0 0.0 0.9635637040641027
450 199.55625 108.40006433283041 0.188775537475973 0.10246701403919205 0.45060470291986493 0.5 25.4 0.9819406046673765
451 198.137 111.63203074492421 0.1870511618782273 0.1053793755982026 0.5016599834105294 0.3333333333333333 51.9 0.9751045492594729
452 185.875125 27.75033527289589 0.21342524114279637 0.031780313322586656 0.6006657347708181 0.2 27.175 0.9369597060112069
453 215.0625 0.7115728004459063 0.249197760771323 0.0008303476294683615 0.25 0.5 0.95 0.9923714830052522
454 189.177375 185.84732664968948 0.12605439755032904 0.12386521635811826 0.150163582704475 1.0 0.2 0.9793475402618071
455 212.75 1.8692190994912115 0.24750997712012268 0.00219030509422909 0.25 0.5 1.0 0.9864590251676145
456 193.438125 54.43527844084682 0.19056790788439626 0.05358025561017824 0.4655211209912278 0.3333333333333333 26.875 0.9442241254134943
457 197.875 23.344142739938036 0.217440987181468 0.02611193505366463 0.39623918152056026 0.3333333333333333 1.8 0.966750832375489
458 175.8635 119.33525742432944 0.14581716425979352 0.09861881268864525 0.2696243610513053 1.0 0.8 0.9260801864192582
459 212.8125 3.5869471849322525 0.24700439593050633 0.0041931994475090505 0.25 0.5 1.0 0.9886650643303949
460 172.468625 131.74537272765127 0.13954005623997848 0.10639248845900508 0.3094509244910551 1.0 0.775 0.9176494377183974
461 201.386125 63.88538205099328 0.1707648512886724 0.05411211987866416 0.5323762640982473 0.25 1.775 0.9800543290497771
462 189.990375 113.83323495748775 0.14678653307653075 0.08827185722900402 0.44255460621228715 1.0 0.425 0.9608849668596582
463 189.200125 12.704817319993097 0.23106545526908262 0.015406742257183016 0.2818916767485419 1.0 0.425 0.935010685245057
464 180.38925 121.74302329566201 0.14450317242884672 0.09722759342819903 0.24605267717050397 0.5 0.3 0.9462392787399849
465 193.387375 48.834136335393644 0.18936207692885454 0.04772782261796253 0.45962352939446294 0.3333333333333333 27.15 0.953830973532193
466 217.6875 0.6311887195995491 0.2490639902184915 0.000727173583490005 0.25 0.5 1.0 0.998623244626605
467 195.875 52.99343955456654 0.18291753856889176 0.048707121902587344 0.381604072728161 1.0 1.0 0.9751586534260201
468 200.6435 72.6098460217079 0.1641718662617132 0.05945278232833449 0.4314988977284282 1.0 25.625 0.9763685797507187
469 194.75325 131.4162325670758 0.13028260301801253 0.087896649030388 0.3658371711940534 0.5 0.5 0.9633468952818051
470 186.5625 63.2921409550783 0.18619011976047903 0.06316580933640549 0.0 1.0 0.95 0.9474946682492277
471 209.756625 46.17327213206585 0.201938743494093 0.04447116162605541 0.6067450483604093 0.2 2.0 0.9908147410520995
472 183.692375 142.4089426670077 0.14001438290000676 0.10847486393769479 0.32413235397326107 0.3333333333333333 75.5 0.96447527324057
473 192.9375 80.80151298624862 0.17492067089755212 0.07325613144718823 0.0 1.0 0.375 0.9632244002803882
474 177.506375 160.83832541789022 0.1296064691709924 0.11743220759571062 0.3156069424430349 1.0 0.8 0.9357922475753673
475 216.625 0.8076200676695539 0.24884324017450937 0.0009342224485401713 0.25 0.5 1.175 0.9960865426621124
476 196.005 120.58295091413808 0.13626646666026265 0.08370738100062894 0.3137445237568774 0.5 1.25 0.9743120876726288
477 207.986875 69.2930037321755 0.18667536925834063 0.06218965744918323 0.43791384621776586 0.3333333333333333 1.75 0.9943129919266619
478 187.15875 159.18000041892932 0.13348329841283796 0.11344435000068989 0.22107944408686447 1.0 0.05 0.9692950461847171
479 187.026375 108.19811747183296 0.13813826276125485 0.07982021679143309 0.4669258674975854 0.5 0.55 0.9482860006988069
480 181.654125 127.63912980384414 0.14236267905191527 0.09979738279667982 0.24102327391311643 1.0 0.55 0.9533864567110655
481 190.838375 39.65133354216495 0.20464320496574043 0.040336490492197424 0.055706395171269844 1.0 0.225 0.951030870463596
482 189.1225 168.4862765197767 0.12504925114564128 0.11134189033004875 0.2160060346076444 1.0 0.575 0.9788282498983356
483 183.753625 38.08967682902084 0.19519914673081373 0.04017350620901858 0.5517017899041984 0.25 1.575 0.9281062390022831
484 192.290875 104.00535829047601 0.1293367308287671 0.06990226339725951 0.45047578698986146 1.0 0.975 0.9640807361530462
485 191.182875 179.45974137402223 0.1283453710759262 0.12046579695400982 0.1580109153600234 1.0 0.4 0.9803568106309503
486 197.194375 51.474138253522554 0.1906233767610434 0.04967721005101789 0.4785228028625901 0.3333333333333333 76.975 0.9660233742117209
487 198.31475 134.4916600385537 0.12876788408808093 0.08730771344718599 0.35169015121192954 0.5 25.675 0.9714090298411479
488 184.451125 12.661770206209116 0.23484755302549742 0.015828059412673044 0.6138024282082744 0.2 2.125 0.9165188014851043
489 202.7805 66.43159047493688 0.18669618657302398 0.061167363775602154 0.4616053818084561 0.3333333333333333 2.05 0.979989325626698
490 193.292 41.18304303594884 0.19729501543428551 0.04217008612347335 0.5273861090078499 0.25 1.8 0.9584034981989769
491 182.785625 161.52462343043385 0.13003955986558008 0.11484093470205836 0.17294006671242618 1.0 0.775 0.9552836315851966
492 206.4375 2.3267986677038004 0.2464661391261984 0.0027991771142169062 0.25 0.5 1.0 0.9707965548340614
493 184.492875 127.03543629544755 0.14793831935821009 0.10169323833950913 0.3085832852989202 1.0 0.7 0.9610236146878146
494 199.390875 86.84568430758311 0.17342543126102147 0.0756134405901364 0.4566406035554139 0.5 50.625 0.9823080896716291
495 209.5 4.294106591955407 0.24150912815941944 0.0049860847594763915 0.5 0.25 1.625 0.9846854744321648
496 201.946625 61.11111063026548 0.18960634980881574 0.057333656798325194 0.4430578295683607 0.3333333333333333 1.95 0.9744736631511158
497 191.36275 119.36197656424052 0.13118398579901666 0.08176035106987875 0.3456625243862608 0.5 25.875 0.9634389507881558
498 178.7005 112.97788543217688 0.1488863261677945 0.09377866751093569 0.21258952667109093 1.0 100.725 0.9339048428205041
499 187.188625 39.187103089237525 0.20163901674761966 0.04221668466274045 0.6130005335032901 0.125 27.2 0.9326333004845229
500 169.83425 127.58937044238164 0.13605597335327785 0.10206665516026962 0.3253879649600388 1.0 0.55 0.9024119439674363
501 171.332375 121.63886351018094 0.13942978839370826 0.09873489378738344 0.21500676009915928 1.0 1.15 0.9173751373577596
502 177.352 87.98879578740578 0.1638751507360194 0.0806818850658345 0.3252770702875839 1.0 1.775 0.9307165853718538
503 182.36725 126.8470523266084 0.1465288154113769 0.10208146675054652 0.23073415440909553 1.0 0.0 0.9526612568218231
504 200.477875 67.28053828771799 0.1868738213569635 0.06271898625388755 0.4635095771980756 0.3333333333333333 52.05 0.9720876374085783
505 194.531375 110.85042330580205 0.13737068514143988 0.07819066946287939 0.4018897871530346 0.5 51.425 0.9642791338340729
506 197.9805 68.72676863661313 0.18509100874021184 0.06426552478008332 0.4583738800898588 0.3333333333333333 26.95 0.9650629544389155
507 198.296875 68.40747103196071 0.16737958278353038 0.05774052851045332 0.5570847445937176 0.25 1.775 0.9587168790366826
508 179.347375 179.65935063734116 0.12314183920387475 0.12338835708870449 0.23894963926570853 0.16666666666666666 0.025 0.9409979166250365
509 187.125625 21.968130322822923 0.21698313486470033 0.024966328934395918 0.2596399622598877 1.0 0.5 0.9393675302668076
510 196.18325 71.77689998793743 0.16019061931061662 0.05862134989694891 0.5446778840725647 0.25 76.8 0.9576794274470026
511 192.0925 191.6056704137554 0.12507768584478376 0.12475850056131907 0.11385586373580028 1.0 0.0 0.9884471264108308
512 197.5875 56.888417255513644 0.18877946669269682 0.05429032716011966 0.4362752936867546 0.3333333333333333 26.9 0.9613099434422504
513 179.2265 119.34098735890909 0.1481362398113816 0.09832173220234668 0.31209860717959803 1.0 0.475 0.9406379434655249
514 198.625 5.533628458700996 0.23980740067294573 0.006734599605530139 0.25 0.5 51.25 0.9616285778501674
515 186.704875 103.12693718897243 0.14225150757071983 0.078442187134295 0.41184541885068787 0.5 51.175 0.9365576570789408
516 184.7385 177.95485711897413 0.12590151244367395 0.12125029713992588 0.2042357825470304 1.0 0.4 0.9610638243021492
517 204.707375 74.9917606912913 0.16446138077223452 0.06025493582238338 0.562500589117464 0.25 1.75 0.9766049287715505
518 197.400875 54.35791056616264 0.19474762866318168 0.053537138102068796 0.46640521729853424 0.0038314176245210726 26.725 0.9723585503574168
519 188.7645 60.303102462627514 0.17789981930804744 0.05679697939920328 0.5570692445098275 0.25 2.125 0.9447779797049782
520 207.375 4.448254257964028 0.24282358435181498 0.005247419382790476 0.6462348620485163 0.16666666666666666 2.275 0.9710329038548934
521 170.214875 33.837686208842975 0.2190483692994777 0.0441434033483201 0.7234809747588566 0.14285714285714285 1.725 0.8978901360554004
522 200.17125 112.81004076517868 0.12659627680851432 0.07134556777100931 0.47372525133562804 1.0 25.5 0.9852513571174436
523 186.395375 128.01338561332477 0.1447560945292021 0.09923337093455487 0.31917083407889135 1.0 0.625 0.9658433876319628
524 188.5545 147.9448464108 0.13482355580176733 0.10611964043887755 0.35498508868887596 1.0 25.4 0.9696257089864303
525 189.40875 158.5577518350987 0.13589113772567935 0.11368229030192654 0.22727268558231975 1.0 0.9 0.9788000686777982
526 217.5 0.8720289752060498 0.24884797832336017 0.001004608755079544 0.25 0.5 1.0 0.9982741707236226
527 187.1305 104.80243791055376 0.13745960226929924 0.07681335838726239 0.33806841354145856 0.5 76.275 0.9405361178399058
528 197.38875 62.999713136215114 0.1868869691756118 0.05956019512465983 0.4118659156899757 0.3333333333333333 1.2 0.9678066950664383
529 204.94275 65.431461889235 0.18901104626044815 0.06033744781320757 0.45963680409005797 0.3333333333333333 27.05 0.9808479197738861
530 202.375 6.775065511761469 0.23814229113269852 0.008033675439536257 0.25 0.5 1.55 0.9617533311261136
531 189.353 15.389165365351806 0.22754333239843055 0.01783096745543778 0.5510936466250993 0.2 26.45 0.9365185766018724
532 190.25725 42.87466249019838 0.19347486154033214 0.04335362423964219 0.5377613623818646 0.00425531914893617 27.0 0.9403377201588804
533 198.75 5.683266904732013 0.24326460098545719 0.007012748944716056 0.6462348620485163 0.16666666666666666 27.35 0.9413958411243597
534 180.88125 170.28758911360944 0.12704758005113892 0.11955100249156485 0.12186515528294421 0.5 100.3 0.9524260369382592
535 203.1175 66.98654947100039 0.18557674941950592 0.06119989160909333 0.4616413965574302 0.3333333333333333 2.0 0.978226674147781
536 194.339125 128.39442421112867 0.12915498509627707 0.08531435769132216 0.39253574646860756 0.5 0.45 0.9682294133744994
537 202.137875 44.63382334147746 0.2030009788740008 0.04485352779779751 0.6036980307488877 0.2 2.3 0.9772726370824498
538 201.83625 66.60574141517381 0.18638870441923427 0.06150322512892824 0.450862520464558 0.3333333333333333 1.85 0.9739923241274484
539 200.875 7.378825234388065 0.23504040713904226 0.008700233399137844 0.5 0.25 2.125 0.9568685547588885
540 195.168875 135.42182716328608 0.12719277047178892 0.08826627493910524 0.3831550436817013 0.5 25.85 0.9645534341947093
541 209.411875 41.90327881314953 0.2071695411748593 0.04145382517833777 0.5915937076437271 0.0023584905660377358 27.025 0.9887593781112745
542 172.029 97.38768992376058 0.15862123421627924 0.08919132600466206 0.21491931622048724 1.0 51.1 0.9182803238267547
543 190.8395 111.81015631390316 0.18455921374010176 0.10812867190307922 0.4975503360809926 0.3333333333333333 26.725 0.9443368502956434
544 200.314625 67.6851437354248 0.16457344837799032 0.05554151107623227 0.5352185217639722 0.3333333333333333 1.025 0.9743120876726294
545 189.22225 194.47509712004225 0.1215981949218966 0.12497233050331576 0.13464561868725344 1.0 0.0 0.9825064873526552
546 202.878125 4.917969603617805 0.24043463338271454 0.005879368618763075 0.5084026930947882 0.25 1.5 0.9599613692893937
547 185.047 152.59946324347524 0.1313878481998513 0.10823031676710294 0.16378769174020066 1.0 0.125 0.963975523115633
548 217.625 1.2035549766975868 0.248848604784267 0.0013857674420412166 0.25 0.5 1.0 0.9980855431618625
549 189.40225 60.27399511936898 0.18003221277651466 0.05730895912302968 0.1056356672994364 1.0 1.15 0.9520856040172749
550 183.03 152.3091211816303 0.13306872790386068 0.11063945533332424 0.25758780323337294 1.0 25.85 0.9444300349392567
551 178.7415 124.49066702365886 0.1433373549376745 0.09957906824378264 0.22019765740578467 0.2 0.825 0.938733256746654
552 193.381375 130.5396918188067 0.1279351762016435 0.08636064063103771 0.4084613195576426 0.5 25.75 0.9624308095562775
553 193.6675 128.7316480882398 0.12876854370144725 0.0855485473245889 0.33143261491977005 0.5 0.7 0.9601597669704198
554 188.98575 34.00412105594191 0.20721404865032414 0.037609642950143456 0.285428558149874 1.0 25.55 0.9527089782809001
555 188.44375 114.35680843405547 0.13268762500362566 0.08038475492645883 0.3111750786276106 0.5 0.575 0.9500313702137201
556 175.520875 146.22708654516674 0.13612536149596138 0.11329555064437431 0.1722849621407858 1.0 25.55 0.9242991238390692
557 186.666875 115.75322899699263 0.1329310261233259 0.08232530249701962 0.24711429322905545 1.0 0.225 0.953350763645789
558 184.41975 98.49994889810728 0.14558142211010403 0.07752538896431756 0.41495337105143715 1.0 0.15 0.9576369595581384
559 205.220625 115.10417987618222 0.12681891507836357 0.07112484235048547 0.46596471715140464 0.3333333333333333 1.5 0.993813241801724
560 206.355 70.29393909339377 0.1675450774670459 0.0570443620453628 0.5292597097762237 0.3333333333333333 51.75 0.9899659170241796
561 188.3125 93.81815941611545 0.16518640350877195 0.08229663106676793 0.0 1.0 0.5 0.9643539073764168
562 199.585625 5.690438669857289 0.2426943097577337 0.006975739869548139 0.2594055900805696 0.5 1.3 0.9561422257323862
563 202.93475 65.35668138157602 0.18704999272789682 0.060209979963078225 0.46741233464469023 0.3333333333333333 26.95 0.9830723700379365
564 205.8125 2.7366765098753305 0.2461584445501959 0.0032982263648601968 0.25 0.5 26.45 0.9750102354785948
565 201.072875 70.10616856240324 0.16834985620998158 0.05821516770257395 0.26081089112369865 1.0 0.1 0.9753972607213807
566 209.039125 20.462808330519568 0.22736856632289307 0.021457603958777743 0.257505018914968 1.0 0.075 0.9914272160591876
567 200.018 73.7617722007665 0.17291136089652168 0.06377516991943194 0.45126517268406946 0.005813953488372093 50.35 0.9732475839996755
568 194.00325 101.90280637622794 0.13094226090726643 0.06876812491042535 0.5047527068576657 0.3333333333333333 201.525 0.9705211253361589
569 195.1895 96.14373974777207 0.16692759352183048 0.08243580099615287 0.43156779929643396 0.5 0.425 0.9679573712883934
570 193.04125 82.51263278371145 0.15190236217682046 0.0651909536199678 0.6265752592671588 0.3333333333333333 25.85 0.9658531577512274
571 210.811625 18.274150958969695 0.22368663040341596 0.019337060474162737 0.2366278493524238 1.0 0.0 0.9939834582622147
572 196.34375 106.08532488708495 0.12920072752632156 0.06978634485443927 0.5063873823980826 0.0625 26.575 0.9711249593612425
573 179.632625 46.96316713629486 0.21500992864668608 0.056207276879469734 0.5611653504906435 0.25 1.85 0.931127275286112
574 198.2325 65.89476856215866 0.18133306896436427 0.06027425059447948 0.450862520464558 0.3333333333333333 2.0 0.9698902392278012
575 183.053625 179.20240997473766 0.12530932017676563 0.12271101462802272 0.2569831406409628 1.0 50.45 0.9569508401459669
576 204.17975 61.22935302214387 0.17768746822862588 0.053204607931720695 0.5401343322632479 0.25 51.775 0.9757940560834358
577 202.4655 68.12273608132952 0.1837266668441245 0.061823500430130365 0.47793438842619784 0.3333333333333333 2.05 0.9778960113460679
578 177.49925 151.31842283991358 0.1262833714052779 0.10755598575672254 0.24904043989660304 1.0 25.825 0.9310408654660928
579 202.209125 16.26085632929757 0.2314616028302867 0.01869495455332519 0.286739390336484 1.0 0.725 0.9691552692192962
580 175.15025 164.66646335052343 0.12827272032636367 0.1206898575243915 0.3447771251691617 1.0 0.0 0.923336445791733
581 199.5625 5.1238656555010165 0.24316740687217414 0.0062938048118074755 0.25 0.5 26.175 0.9525973825360157
582 196.68725 11.441858668270852 0.2323261360069067 0.013741737452095807 0.44842739678737925 0.5 0.9 0.9667301629996898
583 178.890625 128.6598285410861 0.1450494583930955 0.10416823078399479 0.37065121685827535 1.0 0.175 0.9371874140500334
584 185.659375 135.41674265363307 0.14128608522573155 0.10276341458004327 0.15939719237956357 1.0 0.475 0.9722826476778114
585 195.903625 121.80398672031387 0.14101422532738483 0.08764396734389891 0.3799240281688886 1.0 25.55 0.9808554316186234
586 196.95375 32.9081806639245 0.21173813392158383 0.03533493657852762 0.5996438738961583 0.2 101.85 0.9646270785997924
587 196.062125 14.36640714914041 0.22964472074345987 0.016971029045051333 0.2717081588007481 1.0 0.375 0.9768856118396626
588 184.143125 172.61668022609976 0.1288294691621057 0.12064573701888139 0.0787732810013752 1.0 0.0 0.969690712409508
589 185.536875 151.75585235284905 0.13582110725713908 0.1110701021759378 0.29750657482850607 1.0 0.425 0.9636655296897204
590 185.682125 181.81000345108092 0.12515627993455838 0.12256087865951236 0.25188670013822556 1.0 0.15 0.9657220217678087
591 191.91625 128.7722123604137 0.1287814971829548 0.08636575760987816 0.34388268757583035 0.5 0.65 0.9534266663253997
592 201.3125 8.189644317779603 0.23548687039816468 0.009653390406243216 0.25 0.5 1.0 0.9657036106665415
593 200.343125 62.637132616377464 0.18480155311402804 0.0577532654830773 0.4196748711186144 0.5 25.675 0.9764628935315988
594 188.10375 112.1562033037259 0.13559774028089505 0.08074477277895512 0.3509291471385098 0.5 76.025 0.954622305981773
595 197.62325 58.604583953745895 0.1749223411981924 0.051803226772108496 0.5656580131951502 0.25 1.85 0.9660515554322586
596 214.5625 1.2528068585682695 0.24760301403788243 0.0014559808258098204 0.25 0.5 1.0 0.9909285950715148
597 212.440625 12.885264327353749 0.23530443153146718 0.0137865077937597 0.25858260331230787 1.0 0.0 0.9945493409474947
598 191.1665 25.235631316805915 0.21889779427760533 0.028883517859364376 0.584616424099079 0.25 101.5 0.9439584660348607
599 186.107375 150.55051391435825 0.13619476026951538 0.11011059918453969 0.2663455905144524 1.0 0.55 0.9647972950602792
600 192.765625 115.52888628003053 0.13405979209960042 0.08026922286973424 0.4649982987258919 0.5 50.55 0.9602150002742285
