0 109.3125 109.06264425880732 0.125 0.12471231844766932 0.25 0.5 0.5 0.499001996007984
1 -0.1875 0.2724311839712921 -0.09375 0.13621559198564606 0.0 1.0 0.0 0.0
2 145.54175 103.0020358481741 0.1248919941329321 0.08838842519834993 0.39623918152056026 0.3333333333333333 1.5 0.6666666666666666
3 -0.3125 0.3697549864437261 -0.10416666666666667 0.12325166214790868 0.0 1.0 0.0 0.0
4 163.59375 94.4517006810738 0.1869606168259585 0.10794269525099214 0.25 0.5 0.75 0.9038313994307065
5 218.4375 218.4375720248227 0.12492801692918216 0.12492805869323544 0.0 1.0 0.0 0.998003992015968
6 108.822875 62.97333702237024 0.1872474936704234 0.10835761824476853 0.39623918152056026 0.3333333333333333 1.5 0.60176336683568
7 108.84375 188.8116079970088 0.06242780761975753 0.10829487191673755 0.0 1.0 0.0 0.8096588068454448
8 109.14375 71.98827836167409 0.1562319676475526 0.1030423404016511 0.5804820237218405 0.2 2.0 0.6853960825104605
9 109.302125 62.817408985427434 0.18732035489470214 0.107652142841568 0.39623918152056026 0.3333333333333333 1.5 0.6037593748197119
10 109.15625 189.4971836655825 0.06239208796675419 0.10831547851449809 0.0 1.0 0.0 0.8096588068454448
11 108.323 63.117802073976634 0.1868125111439346 0.10885915428007023 0.39623918152056026 0.3333333333333333 1.5 0.6037593748197119
12 109.40625 189.4971836655825 0.0625 0.10825317547305484 0.0 1.0 0.0 0.8096588068454448
13 145.875 0.07231312121600063 0.24985603414064927 0.00012467809147538093 0.39623918152056026 0.3333333333333333 2.0 0.8725660986923995
14 218.8125 218.8125 0.125 0.125 0.0 1.0 0.0 0.998003992015968
15 54.59375 94.70354171812234 0.06242803779901669 0.1082947870690786 0.25 0.5 0.25 0.4048294034227223
16 54.03125 93.58688784318254 0.0625 0.10825554249134996 0.25 0.5 0.25 0.4048294034227223
17 218.8125 218.6875359706747 0.125 0.12492812114450101 0.0 1.0 0.0 0.998003992015968
18 0.375 0.649519052838329 0.07499999999999998 0.12990381056766578 0.0 1.0 0.0 0.0
19 218.4375 218.06268037597422 0.1250720666477646 0.12485597142017002 0.0 1.0 0.0 0.998003992015968
20 108.6875 109.18764409136047 0.12471114651013682 0.1252890211331095 0.25 0.5 0.5 0.499001996007984
21 109.40625 189.4971836655825 0.0625 0.10825317547305484 0.0 1.0 0.0 0.8096588068454448
22 163.625 93.89183894322476 0.18759019324894172 0.10763904394627916 0.5 0.25 1.25 0.7485029940119761
23 164.140625 54.70321490066763 0.18742818346255313 0.062464164660109685 0.5 0.25 2.25 0.9038313994307065
24 162.8125 180.5864707410054 0.09354208678686862 0.10375628695690535 0.25 0.5 0.25 0.9038313994307065
25 218.8125 218.8125 0.125 0.125 0.0 1.0 0.0 0.998003992015968
26 -0.75 0.17677669529663695 -0.1875 0.04419417382415924 0.0 1.0 0.0 0.0
27 108.875 108.75061488499492 0.12478361164189655 0.12464006730812918 0.25 0.5 0.5 0.499001996007984
28 109.177 63.033731082741184 0.18710446832456665 0.10802544180362497 0.39623918152056026 0.3333333333333333 1.5 0.60176336683568
29 109.40625 189.4971836655825 0.0625 0.10825317547305484 0.0 1.0 0.0 0.8096588068454448
30 -0.875 0.21650635094610968 -0.21875 0.05412658773652742 0.0 1.0 0.0 0.0
31 218.375 218.62501799055102 0.12489202539377324 0.12503600196728218 0.0 1.0 0.0 0.998003992015968
32 0.0 0.0 0.0 0.0 0.0 1.0 0.0 0.0
33 109.40625 189.4971836655825 0.0625 0.10825317547305484 0.0 1.0 0.0 0.8096588068454448
34 108.927125 63.177973618048306 0.18699593036560958 0.10846149043658292 0.39623918152056026 0.3333333333333333 1.5 0.6037593748197119
35 -0.1875 0.3247595264191645 -0.09375 0.16237976320958225 0.0 1.0 0.0 0.0
36 0.0 0.17677669529663695 0.0 0.17677669529663695 0.0 1.0 0.0 0.0
37 109.40625 189.4971836655825 0.0625 0.10825317547305484 0.0 1.0 0.0 0.8096588068454448
38 131.325 75.82060712783456 0.1873922493172318 0.10819108569319232 0.5804820237218405 0.2 2.0 0.7230651195445652
39 109.125 109.37503596024894 0.12478411339705005 0.1250720038919484 0.25 0.5 0.5 0.499001996007984
40 145.333375 102.9727177109976 0.1248558614069016 0.08846506301634094 0.39623918152056026 0.3333333333333333 1.5 0.8725660986923995
41 218.8125 218.8125 0.125 0.125 0.0 1.0 0.0 0.998003992015968
42 0.125 0.4145780987944248 0.041666666666666664 0.13819269959814168 0.0 1.0 0.0 0.0
43 174.675 61.80156565657383 0.1667227983316472 0.05898824208788517 0.5804820237218405 0.2 2.25 0.9226659179477588
44 109.0625 109.3125 0.12485590854179156 0.12514409145820843 0.25 0.5 0.5 0.499001996007984
45 108.96875 189.02811431569828 0.06242789149043691 0.10829482345621463 0.0 1.0 0.0 0.8096588068454448
46 218.8125 218.8125 0.125 0.125 0.0 1.0 0.0 0.998003992015968
47 55.0625 94.2187406368575 0.06307670072722149 0.10792299715746331 0.25 0.5 0.25 0.4048294034227223
48 -0.125 0.125 -0.125 0.125 0.0 1.0 0.0 0.0
49 -1.375 0.125 -0.22916666666666666 0.020833333333333325 0.0 1.0 0.0 0.0
50 107.927125 120.05525784900777 0.09335984696112971 0.10385550148437972 0.39623918152056026 0.3333333333333333 1.0 0.602140057206021
51 218.0625 154.54708947664545 0.12485586670447076 0.08849030220216539 0.25 0.5 0.5 0.998003992015968
52 72.416625 72.91685877268023 0.12453098040921735 0.12539719343308653 0.39623918152056026 0.3333333333333333 1.0 0.5392327653590662
53 109.198 120.76482661403367 0.09370501842588454 0.10363099312928295 0.39623918152056026 0.3333333333333333 1.0 0.6037593748197119
54 0.3125 0.409839907768875 0.078125 0.10245997694221876 0.0 1.0 0.0 0.0
55 0.75 0.17677669529663695 0.1875 0.04419417382415924 0.0 1.0 0.0 0.0
56 72.875 72.00249599670252 0.12503586637085315 0.12352856564131887 0.39623918152056026 0.3333333333333333 1.0 0.5392327653590662
57 218.0625 218.18753605425172 0.12492789149043691 0.12500002094313986 0.0 1.0 0.0 0.998003992015968
58 108.9375 109.06354587226424 0.12478373722729194 0.12492912710628963 0.25 0.5 0.5 0.499001996007984
59 -0.25 0.0 -0.25 0.0 0.0 1.0 0.0 0.0
60 54.6875 94.72152853892298 0.0625 0.10825317547305484 0.25 0.5 0.25 0.4048294034227223
61 144.6875 102.61905683117135 0.1247287264118709 0.08846523730603098 0.39623918152056026 0.3333333333333333 1.5 0.6646706586826348
62 108.5 109.12507208756642 0.12456646741532311 0.12528910564302745 0.25 0.5 0.5 0.499001996007984
63 -0.3125 0.2072890493972124 -0.15625 0.1036445246986062 0.0 1.0 0.0 0.0
64 0.3125 0.7368641326594749 0.078125 0.18421603316486873 0.0 1.0 0.0 0.0
65 144.947875 89.0918322353162 0.1663176536543899 0.10222934395206988 0.6462348620485163 0.16666666666666666 2.0 0.7674320295103306
66 0.125 0.125 0.125 0.125 0.0 1.0 0.0 0.0
67 109.40625 189.4971836655825 0.0625 0.10825317547305484 0.0 1.0 0.0 0.8096588068454448
68 -0.4375 0.3247595264191645 -0.14583333333333331 0.10825317547305484 0.0 1.0 0.0 0.0
69 218.4375 218.56253599153237 0.12492801692918216 0.12500002086983633 0.0 1.0 0.0 0.998003992015968
70 54.625 93.89181096952697 0.0628621202975354 0.10804436596316472 0.25 0.5 0.25 0.4048294034227223
71 175.05 61.85428017341535 0.16666666280864934 0.0588917665372464 0.5804820237218405 0.2 2.75 0.9226659179477588
72 109.15625 189.2086193990001 0.06246398758256085 0.10827403157695312 0.0 1.0 0.0 0.8096588068454448
73 0.1875 0.6931585316505886 0.046875 0.17328963291264715 0.0 1.0 0.0 0.0
74 218.0 218.00009021422352 0.12496392478981991 0.12496397722430883 0.0 1.0 0.0 0.998003992015968
75 218.0 218.1250901618044 0.12489183723565538 0.1249639981183779 0.0 1.0 0.0 0.998003992015968
76 0.1875 0.3247595264191645 0.09375 0.16237976320958225 0.0 1.0 0.0 0.0
77 127.031125 31.387542510360188 0.21864152292290992 0.0540226299287477 0.6462348620485163 0.16666666666666666 3.0 0.7361667287720237
78 164.125 94.75764060761144 0.187464060566175 0.10823245788132431 0.25 0.5 0.75 0.9038313994307065
79 -0.1875 0.10825317547305484 -0.1875 0.10825317547305484 0.0 1.0 0.0 0.0
80 -0.6875 0.2724311839712921 -0.171875 0.06810779599282303 0.0 1.0 0.0 0.0
81 109.296875 0.23223202815910837 0.24938979810750053 0.000533491573055622 0.5 0.25 2.25 0.6543304014267144
82 0.1875 0.3697549864437261 0.0625 0.12325166214790866 0.0 1.0 0.0 0.0
83 109.40625 189.35287379387364 0.0625359706777486 0.10823242384255972 0.0 1.0 0.0 0.8096588068454448
84 109.072875 120.30052450413763 0.09397594551868343 0.10364786715368682 0.39623918152056026 0.3333333333333333 1.0 0.602140057206021
85 217.6875 218.18757210849728 0.12485561523951506 0.1251444266958174 0.0 1.0 0.0 0.998003992015968
86 -0.3125 0.2724311839712921 -0.10416666666666667 0.09081039465709737 0.0 1.0 0.0 0.0
87 0.0 0.0 0.0 0.0 0.0 1.0 0.0 0.0
88 145.3125 103.0611125645448 0.12483780297097401 0.08854152910408336 0.39623918152056026 0.3333333333333333 1.5 0.6646706586826348
89 218.5 218.50001800098593 0.12496400846459109 0.12496401890255683 0.0 1.0 0.0 0.998003992015968
90 135.96875 90.67013832338861 0.1559252286433744 0.10398183998183043 0.5 0.25 1.25 0.7014166977193452
91 218.5 218.50009000491437 0.12496400846459109 0.12496406065441082 0.0 1.0 0.0 0.998003992015968
92 218.8125 218.8125 0.125 0.125 0.0 1.0 0.0 0.998003992015968
93 -0.125 0.125 -0.125 0.125 0.0 1.0 0.0 0.0
94 174.525 61.836755226678335 0.16657862078983604 0.059022100216202085 0.5804820237218405 0.2 2.25 0.7984031936127745
95 109.40625 189.4971836655825 0.0625 0.10825317547305484 0.0 1.0 0.0 0.8096588068454448
96 164.15625 94.63142837376004 0.18739226483775598 0.10802520162757824 0.25 0.5 0.75 0.9038313994307065
97 145.27075 103.11972447396293 0.12472982829904448 0.08854121856296145 0.39623918152056026 0.3333333333333333 1.5 0.6646706586826348
98 218.8125 154.72381527225045 0.125 0.08838835501401093 0.25 0.5 0.5 0.998003992015968
99 0.125 0.2795084971874737 0.0625 0.13975424859373686 0.0 1.0 0.0 0.0
100 0.1875 0.4463392767839282 0.0625 0.14877975892797604 0.0 1.0 0.0 0.0
101 109.052125 62.67268227482404 0.1875361799059464 0.10777433687184666 0.39623918152056026 0.3333333333333333 1.5 0.6037593748197119
102 218.8125 72.97928599143754 0.1874459971680071 0.06251804260927321 0.39623918152056026 0.3333333333333333 2.0 0.998003992015968
103 164.078125 54.734428898685636 0.1874101410109236 0.06251804252421872 0.5 0.25 2.5 0.9038313994307065
104 136.03125 47.07233996420782 0.15631330774824165 0.054090329381081895 0.5 0.25 2.25 0.7014166977193452
105 -0.0625 0.2072890493972124 -0.0625 0.2072890493972124 0.0 1.0 0.0 0.0
106 218.8125 126.33148350736644 0.1874459971680071 0.10822202100524794 0.39623918152056026 0.3333333333333333 1.5 0.998003992015968
107 -0.75 0.39528470752104733 -0.14999999999999997 0.07905694150420947 0.0 1.0 0.0 0.0
108 108.697875 120.73958513803399 0.09346136175840658 0.10381855392202953 0.39623918152056026 0.3333333333333333 1.0 0.60176336683568
109 -0.125 0.375 -0.041666666666666664 0.12499999999999997 0.0 1.0 0.0 0.0
110 -0.375 0.125 -0.1875 0.0625 0.0 1.0 0.0 0.0
111 145.875 103.1492271775025 0.125 0.08838836977851311 0.39623918152056026 0.3333333333333333 1.5 0.6646706586826348
112 -0.3125 0.2724311839712921 -0.10416666666666667 0.09081039465709737 0.0 1.0 0.0 0.0
113 109.390625 109.01577833784728 0.12508996318004856 0.12465836773404206 0.5 0.25 0.75 0.6543304014267144
114 109.15625 189.06425417906837 0.0625 0.1082532237826289 0.0 1.0 0.0 0.8096588068454448
115 218.8125 218.6875359706747 0.125 0.12492812114450101 0.0 1.0 0.0 0.998003992015968
116 -0.0625 0.10825317547305484 -0.0625 0.10825317547305484 0.0 1.0 0.0 0.0
117 218.25 218.37509005714995 0.12489196274768255 0.12496403983338598 0.0 1.0 0.0 0.998003992015968
118 0.25 0.75 0.041666666666666664 0.12499999999999997 0.0 1.0 0.0 0.0
119 108.875 109.25036001921544 0.12456797620973739 0.12500041764017428 0.25 0.5 0.5 0.499001996007984
120 0.5 0.17677669529663695 0.16666666666666663 0.058925565098878946 0.0 1.0 0.0 0.0
121 152.81875 113.4673978378728 0.10935923966546644 0.08119900098064747 0.5804820237218405 0.2 2.5 0.7607341565786698
122 218.8125 218.8125 0.125 0.125 0.0 1.0 0.0 0.998003992015968
123 108.625 109.12514417508389 0.12456697152449915 0.1251445104684131 0.25 0.5 0.5 0.499001996007984
124 109.198 62.17989125980032 0.18768020841942612 0.10685920863964023 0.39623918152056026 0.3333333333333333 1.5 0.6037593748197119
125 136.109375 47.31765401870005 0.15604258055106476 0.05424866091664137 0.5 0.25 2.5 0.7014166977193452
126 108.34375 108.96880414951785 0.12460190008195145 0.125325781263979 0.25 0.5 0.5 0.8096588068454448
127 0.0625 0.6465050270492875 0.015625 0.16162625676232187 0.0 1.0 0.0 0.0
128 0.1875 0.6465050270492875 0.046875 0.16162625676232187 0.0 1.0 0.0 0.0
129 109.0 77.18520102212793 0.12496393527364943 0.08849047265783266 0.5 0.25 1.75 0.6543304014267144
130 109.46875 189.46112695330294 0.06253594984441527 0.1082324358519744 0.0 1.0 0.0 0.8096588068454448
131 109.03125 188.84774792485447 0.0625 0.1082532238957863 0.0 1.0 0.0 0.8096588068454448
132 108.34375 109.09398436809077 0.12445776883180126 0.12532561169832332 0.25 0.5 0.5 0.8096588068454448
133 218.0 218.0001623855747 0.12489183723565538 0.12489193156251446 0.0 1.0 0.0 0.998003992015968
134 54.625 94.1802626615577 0.06271676629233845 0.10812802539582199 0.25 0.5 0.25 0.4048294034227223
135 -0.0625 0.2724311839712921 -0.03125 0.13621559198564606 0.0 1.0 0.0 0.0
136 54.84375 94.5591487757134 0.06271588660294994 0.10812853328472725 0.25 0.5 0.25 0.4048294034227223
137 54.3125 94.5070199161909 0.062283485762249576 0.1083805029354732 0.25 0.5 0.25 0.4048294034227223
138 -0.3125 0.3697549864437261 -0.10416666666666667 0.12325166214790866 0.0 1.0 0.0 0.0
139 145.875 0.0835 0.24985603414064927 0.00014396585935071992 0.39623918152056026 0.3333333333333333 2.0 0.6646706586826348
140 -0.375 0.21650635094610968 -0.1875 0.10825317547305484 0.0 1.0 0.0 0.0
141 164.125 181.4344555421615 0.0937589900637514 0.10364723758887064 0.25 0.5 0.25 0.9038313994307065
142 136.359375 47.38793822799463 0.1560609374537608 0.0542358714608539 0.5 0.25 3.0 0.7014166977193452
143 0.0 0.0 0.0 0.0 0.0 1.0 0.0 0.0
144 0.1875 0.541265877365274 0.046875 0.1353164693413185 0.0 1.0 0.0 0.0
145 164.09375 181.1989905737934 0.09384897411364519 0.10363101400694533 0.25 0.5 0.25 0.9038313994307065
146 54.6875 94.72152853892298 0.0625 0.10825317547305484 0.25 0.5 0.25 0.4048294034227223
147 108.552 120.29366364431056 0.09360526277591082 0.10373190817034589 0.39623918152056026 0.3333333333333333 1.0 0.60176336683568
148 -0.25 0.17677669529663695 -0.125 0.08838834764831847 0.0 1.0 0.0 0.0
149 218.0625 218.31257206663554 0.12492789149043691 0.12507215037135436 0.0 1.0 0.0 0.998003992015968
150 163.09375 181.19894717439774 0.09343452265276923 0.10381033291302366 0.25 0.5 0.25 0.9038313994307065
151 182.40625 158.7772059625566 0.10426259079498647 0.090755385221292 0.39623918152056026 0.3333333333333333 1.0 0.9350967001690133
152 174.4875 61.46542967562612 0.1668632696821328 0.05877820856288679 0.5804820237218405 0.2 2.25 0.7984031936127745
153 0.0 0.3061862178478973 0.0 0.15309310892394865 0.0 1.0 0.0 0.0
154 217.625 218.1250901618044 0.12481951904939381 0.12510834100486165 0.0 1.0 0.0 0.998003992015968
155 -0.5625 0.10825317547305484 -0.18749999999999997 0.036084391824351615 0.0 1.0 0.0 0.0
156 164.09375 94.73959842239091 0.18742812113235005 0.1082117082519972 0.25 0.5 0.75 0.9038313994307065
157 218.8125 218.8125 0.125 0.125 0.0 1.0 0.0 0.998003992015968
158 53.625 94.32498943279394 0.06177491328558047 0.1086722591752476 0.25 0.5 0.25 0.4048294034227223
159 -0.75 0.0 -0.25 0.0 0.0 1.0 0.0 0.0
160 136.75 47.30672088903575 0.15633099397697425 0.05407992232963761 0.5 0.25 2.25 0.7014166977193452
161 152.95625 37.892302807821835 0.21863315509213055 0.05416305587100328 0.5804820237218405 0.2 2.5 0.7607341565786697
162 0.8125 0.4463392767839282 0.13541666666666669 0.07438987946398802 0.0 1.0 0.0 0.0
163 108.1875 109.18753602287066 0.12434894318431375 0.1255064195079684 0.25 0.5 0.5 0.499001996007984
164 109.4375 109.4375 0.125 0.125 0.25 0.5 0.5 0.499001996007984
165 163.75 94.3968245700495 0.18746397713544785 0.10806605966630743 0.25 0.5 0.75 0.9038313994307065
166 164.09375 94.73959842239091 0.18742812113235005 0.1082117082519972 0.25 0.5 0.75 0.9038313994307065
167 145.25 0.25979682106624125 0.24949586680004002 0.0004493342615088375 0.39623918152056026 0.3333333333333333 2.0 0.6646706586826348
168 -0.375 0.21650635094610968 -0.12499999999999997 0.07216878364870323 0.0 1.0 0.0 0.0
169 164.13525 60.475141910049814 0.18747584603800954 0.06907481743630224 0.6462348620485163 0.16666666666666666 2.75 0.8006933382326695
170 108.0625 108.93757221334785 0.12442026947413914 0.1254348822087888 0.25 0.5 0.5 0.499001996007984
171 145.875 145.87501801136887 0.12496399290042597 0.12496400854200553 0.39623918152056026 0.3333333333333333 1.0 0.8725660986923995
172 108.6875 109.18778818252545 0.12456722328379312 0.12514459379932943 0.25 0.5 0.5 0.499001996007984
173 181.322875 120.63279057188736 0.15604234993894447 0.10381597587035034 0.39623918152056026 0.3333333333333333 1.5 0.9350967001690133
174 0.0 0.0 0.0 0.0 0.0 1.0 0.0 0.0
175 -0.625 0.21650635094610968 -0.15625 0.05412658773652742 0.0 1.0 0.0 0.0
176 218.8125 218.5625 0.1250719413554972 0.12492805864450279 0.0 1.0 0.0 0.998003992015968
177 0.25 0.3061862178478973 0.125 0.15309310892394865 0.0 1.0 0.0 0.0
178 108.9375 108.81372905017777 0.12471181708358312 0.12456915225691333 0.25 0.5 0.5 0.499001996007984
179 54.53125 94.30661364437358 0.0625722133724658 0.10821154776541819 0.25 0.5 0.25 0.4048294034227223
180 164.09375 94.73959842239091 0.18742812113235005 0.1082117082519972 0.25 0.5 0.75 0.9038313994307065
181 108.96875 188.5959359290728 0.06253611719464847 0.10823282483956116 0.0 1.0 0.0 0.8096588068454448
182 109.359375 76.96464555843228 0.12516207162841758 0.08808334267124786 0.5 0.25 1.75 0.6543304014267144
183 -0.125 0.2795084971874737 -0.0625 0.13975424859373686 0.0 1.0 0.0 0.0
184 164.125 94.75764060761144 0.187464060566175 0.10823245788132431 0.25 0.5 0.75 0.9038313994307065
185 -0.3125 0.836193010016228 -0.062499999999999986 0.16723860200324567 0.0 1.0 0.0 0.0
186 109.1875 109.06296884056594 0.12492799603495623 0.12478453198975635 0.25 0.5 0.5 0.499001996007984
187 -0.5625 0.2072890493972124 -0.18749999999999997 0.06909634979907085 0.0 1.0 0.0 0.0
188 0.125 0.125 0.125 0.125 0.0 1.0 0.0 0.0
189 145.041625 102.94303081164803 0.1247474470302052 0.08854155761328293 0.39623918152056026 0.3333333333333333 1.5 0.8721894083220585
190 109.1875 109.31253598110658 0.12492799603495623 0.12507204570474864 0.25 0.5 0.5 0.499001996007984
191 0.125 0.57282196186948 0.03125 0.14320549046737 0.0 1.0 0.0 0.0
192 145.125 102.61889722509434 0.125 0.0883883700126849 0.39623918152056026 0.3333333333333333 1.5 0.6646706586826348
193 218.8125 218.8125 0.125 0.125 0.0 1.0 0.0 0.998003992015968
194 -0.25 0.3061862178478973 -0.125 0.15309310892394865 0.0 1.0 0.0 0.0
195 0.0 0.25 0.0 0.25 0.0 1.0 0.0 0.0
196 164.125 181.4344555421615 0.0937589900637514 0.10364723758887064 0.25 0.5 0.25 0.9038313994307065
197 0.0625 0.10825317547305484 0.0625 0.10825317547305484 0.0 1.0 0.0 0.0
198 196.91875 37.90681959734286 0.18748800746558142 0.036091475961795995 0.5804820237218405 0.2 2.5 0.9603349549818634
199 218.125 218.25001802189237 0.12496394574521845 0.1250360647232904 0.0 1.0 0.0 0.998003992015968
200 109.1875 109.31257196217663 0.12485607559803338 0.12500008343058405 0.25 0.5 0.5 0.499001996007984
201 -0.1875 0.2724311839712921 -0.09375 0.13621559198564606 0.0 1.0 0.0 0.0
202 109.40625 189.4971836655825 0.0625 0.10825317547305484 0.0 1.0 0.0 0.8096588068454448
203 108.8125 109.06264425880732 0.12485557325506841 0.12514459458434518 0.25 0.5 0.5 0.499001996007984
204 145.614625 51.35412109584851 0.1667028053273266 0.05879029053725491 0.6462348620485163 0.16666666666666666 3.5 0.7678087198806717
205 0.8125 0.48007160924178804 0.16250000000000003 0.09601432184835758 0.0 1.0 0.0 0.0
206 109.40625 189.4971836655825 0.0625 0.10825317547305484 0.0 1.0 0.0 0.8096588068454448
207 -0.25 0.3061862178478973 -0.125 0.15309310892394865 0.0 1.0 0.0 0.0
208 108.677125 119.75345276001335 0.09393136135591573 0.10350242845790819 0.39623918152056026 0.3333333333333333 1.0 0.602140057206021
209 108.265625 76.91999149593475 0.12469192296990843 0.08859341048542944 0.5 0.25 2.25 0.6543304014267144
210 145.854125 102.94293521416111 0.1251260174024754 0.08831202578200519 0.39623918152056026 0.3333333333333333 1.5 0.8721894083220585
211 -0.125 0.4145780987944248 -0.041666666666666664 0.13819269959814168 0.0 1.0 0.0 0.0
212 136.234375 90.68427953894057 0.15600678817161384 0.10384827849729612 0.5 0.25 1.5 0.7014166977193452
213 54.15625 94.52311986616716 0.06213893313767102 0.10846170207430472 0.25 0.5 0.25 0.4048294034227223
214 -0.5625 0.3247595264191645 -0.1875 0.10825317547305484 0.0 1.0 0.0 0.0
215 0.125 0.5153882032022076 0.04166666666666665 0.17179606773406914 0.0 1.0 0.0 0.0
216 -0.625 0.125 -0.20833333333333334 0.041666666666666664 0.0 1.0 0.0 0.0
217 109.40625 189.4971836655825 0.0625 0.10825317547305484 0.0 1.0 0.0 0.8096588068454448
218 0.0625 0.10825317547305484 0.0625 0.10825317547305484 0.0 1.0 0.0 0.0
219 0.1875 0.2072890493972124 0.09375 0.1036445246986062 0.0 1.0 0.0 0.0
220 108.75 108.75028935818894 0.12485548913844105 0.12485582599960535 0.25 0.5 0.5 0.499001996007984
221 145.52075 101.88383286699434 0.12548843516093122 0.08785248649019356 0.39623918152056026 0.3333333333333333 1.5 0.6646706586826348
222 109.4375 109.31253598110658 0.12507192053431665 0.12492812115669129 0.25 0.5 0.5 0.499001996007984
223 164.09375 94.73959842239091 0.18742812113235005 0.1082117082519972 0.25 0.5 0.75 0.9038313994307065
224 108.5 109.00003608568787 0.12463851255453419 0.12521693450096358 0.25 0.5 0.5 0.499001996007984
225 163.71875 94.45113160652737 0.12504806768568374 0.07214121454691995 0.5 0.25 2.0 0.7485029940119761
226 109.114625 120.78989762623316 0.09366000547263598 0.10368257699514666 0.39623918152056026 0.3333333333333333 1.0 0.602140057206021
227 -0.625 0.2795084971874737 -0.15625 0.06987712429686843 0.0 1.0 0.0 0.0
228 109.25 109.12503604377709 0.12507204572910421 0.12492799610820939 0.25 0.5 0.5 0.499001996007984
229 145.5 0.0415 0.2499282672582937 7.173274170628143e-05 0.39623918152056026 0.3333333333333333 2.0 0.6646706586826348
230 163.46875 94.23444490391883 0.18746393527364943 0.10806574547078528 0.25 0.5 0.75 0.9038313994307065
231 108.4375 108.31286317906502 0.12485506736853479 0.12471055879261163 0.25 0.5 0.5 0.499001996007984
232 108.703125 77.1191839434758 0.12472918935100052 0.0884908806812745 0.5 0.25 1.5 0.6543304014267144
233 -0.1875 0.10825317547305484 -0.1875 0.10825317547305484 0.0 1.0 0.0 0.0
234 0.0625 0.3697549864437261 0.03125 0.18487749322186306 0.0 1.0 0.0 0.0
235 182.052125 63.04561653453243 0.15626804271883696 0.0541163396096852 0.39623918152056026 0.3333333333333333 2.0 0.9354733905393543
236 -0.3125 0.2072890493972124 -0.15625 0.1036445246986062 0.0 1.0 0.0 0.0
237 218.8125 218.8125 0.125 0.125 0.0 1.0 0.0 0.998003992015968
238 218.8125 218.8125 0.125 0.125 0.0 1.0 0.0 0.998003992015968
239 218.8125 0.15088834764831846 0.24978452967551198 0.00017341336050063344 0.25 0.5 1.0 0.998003992015968
240 218.8125 0.0625 0.24992812113235005 7.18788676499778e-05 0.25 0.5 1.0 0.998003992015968
241 108.448 63.046409348682594 0.18649010301457405 0.10842151523981845 0.39623918152056026 0.3333333333333333 1.5 0.6037593748197119
242 109.40625 189.4971836655825 0.0625 0.10825317547305484 0.0 1.0 0.0 0.8096588068454448
243 136.453125 119.22099489100314 0.10402274534031361 0.09088750700039185 0.5 0.25 1.75 0.7014166977193452
244 218.4375 218.43764404962093 0.12492801692918216 0.12492810045727439 0.0 1.0 0.0 0.998003992015968
245 108.84375 188.6672704512578 0.062463882805351534 0.10827404392071384 0.0 1.0 0.0 0.8096588068454448
246 136.515625 90.54299751393543 0.15615102590159938 0.10356593790164735 0.5 0.25 1.25 0.7014166977193452
247 -0.4375 0.2724311839712921 -0.14583333333333331 0.09081039465709737 0.0 1.0 0.0 0.0
248 108.125 108.75007233962144 0.12456494797134827 0.1252901191983658 0.25 0.5 0.5 0.499001996007984
249 109.1875 109.4375359394399 0.12478423839705007 0.1250719621767134 0.25 0.5 0.5 0.499001996007984
250 152.84375 37.88522440658884 0.21853416032049325 0.0541685071573201 0.5804820237218405 0.2 2.75 0.8849968809136542
251 108.5625 108.68840476897853 0.1246387228461026 0.12478428701379829 0.25 0.5 0.5 0.499001996007984
252 109.135375 120.92169402592125 0.09362404516008718 0.10373677368777544 0.39623918152056026 0.3333333333333333 1.0 0.602140057206021
253 54.28125 94.45089560024033 0.06228335988260261 0.1083782527031515 0.25 0.5 0.25 0.4048294034227223
254 163.84375 54.750466939748826 0.18719442117186244 0.06255448120222756 0.5 0.25 1.75 0.7485029940119761
255 108.6875 109.06253606473247 0.12478323370766156 0.12521680827685033 0.25 0.5 0.5 0.499001996007984
256 0.875 0.125 0.21875 0.03125 0.0 1.0 0.0 0.0
257 218.8125 218.8125 0.125 0.125 0.0 1.0 0.0 0.998003992015968
258 218.125 218.25016219697628 0.12496394574521845 0.12503614847132896 0.0 1.0 0.0 0.998003992015968
259 108.822875 63.11828393120153 0.18692363305632972 0.10842090923692205 0.39623918152056026 0.3333333333333333 1.5 0.60176336683568
260 109.40625 189.4971836655825 0.0625 0.10825317547305484 0.0 1.0 0.0 0.8096588068454448
261 182.010375 63.21394742569406 0.1560970438400979 0.05421496915030476 0.39623918152056026 0.3333333333333333 2.0 0.9350967001690133
262 54.8125 94.64941516251073 0.06264384106863329 0.1081701929933468 0.25 0.5 0.25 0.4048294034227223
263 54.0 94.54132846584642 0.061994211984543635 0.10854545062531694 0.25 0.5 0.25 0.4048294034227223
264 0.25 0.17677669529663695 0.125 0.08838834764831847 0.0 1.0 0.0 0.0
265 -0.6875 0.2724311839712921 -0.171875 0.06810779599282303 0.0 1.0 0.0 0.0
266 109.21875 189.17250730626012 0.0625 0.1082532237261999 0.0 1.0 0.0 0.8096588068454448
267 108.40625 188.63149189784752 0.06228304433418756 0.10837862925792537 0.0 1.0 0.0 0.8096588068454448
268 108.96875 188.45076413269456 0.06257227644761063 0.1082114628506468 0.0 1.0 0.0 0.8096588068454448
269 54.75 94.25282095132425 0.0627886856503339 0.10808695565178655 0.25 0.5 0.25 0.4048294034227223
270 136.453125 90.67484154444249 0.1561239930733691 0.10374766557063023 0.5 0.25 1.5 0.7014166977193452
271 181.96875 62.901318639010114 0.15637629971073874 0.054053935068821876 0.39623918152056026 0.3333333333333333 2.0 0.9350967001690133
272 218.8125 218.8125 0.125 0.125 0.0 1.0 0.0 0.998003992015968
273 218.8125 218.8125 0.125 0.125 0.0 1.0 0.0 0.998003992015968
274 191.46875 47.32481827794018 0.21863331632243818 0.054038570828731494 0.5 0.25 2.0 0.9509176957233373
275 217.8125 217.81264446872933 0.12492780761975752 0.12492789163783742 0.0 1.0 0.0 0.998003992015968
276 0.1875 0.10825317547305484 0.1875 0.10825317547305484 0.0 1.0 0.0 0.0
277 54.6875 94.1445682300067 0.06278902172311793 0.10808676268339394 0.25 0.5 0.25 0.4048294034227223
278 144.875 102.82519556715438 0.12474703816389043 0.08854164674452361 0.39623918152056026 0.3333333333333333 1.5 0.8725660986923995
279 145.10425 102.91379420256844 0.12483756722443187 0.0885416964815053 0.39623918152056026 0.3333333333333333 1.5 0.6666666666666666
280 0.1875 0.3697549864437261 0.0625 0.12325166214790866 0.0 1.0 0.0 0.0
281 108.75 109.12518021876308 0.12463935273649426 0.1250723388839015 0.25 0.5 0.5 0.499001996007984
282 109.448 63.189859984532816 0.18746400853516232 0.10823244391957763 0.39623918152056026 0.3333333333333333 1.5 0.6037593748197119
283 109.40625 189.4971836655825 0.0625 0.10825317547305484 0.0 1.0 0.0 0.8096588068454448
284 164.09375 181.42503331305872 0.09374100993624862 0.10364181637669387 0.25 0.5 0.25 0.9038313994307065
285 54.28125 94.59528860689915 0.06221148218919541 0.1084198157341249 0.25 0.5 0.25 0.4048294034227223
286 218.5 218.50001800098593 0.12496400846459109 0.12496401890255683 0.0 1.0 0.0 0.998003992015968
287 0.0625 0.10825317547305484 0.0625 0.10825317547305484 0.0 1.0 0.0 0.0
288 0.1875 0.10825317547305484 0.1875 0.10825317547305484 0.0 1.0 0.0 0.0
289 218.8125 154.72381527225045 0.125 0.08838835501401093 0.25 0.5 0.5 0.998003992015968
290 218.8125 154.72381527225045 0.125 0.08838835501401093 0.25 0.5 0.5 0.998003992015968
291 109.40625 189.4971836655825 0.0625 0.10825317547305484 0.0 1.0 0.0 0.8096588068454448
292 218.8125 218.31257206663554 0.1250719413554972 0.12478421769759035 0.0 1.0 0.0 0.998003992015968
293 175.025 107.1550018695738 0.12501799967184452 0.0765392371704827 0.5804820237218405 0.2 2.5 0.9226659179477588
294 109.375 109.37503596024894 0.12492812113235001 0.12492816277470402 0.25 0.5 0.5 0.499001996007984
295 218.5 218.62501799055102 0.12496400846459109 0.12503600196728218 0.0 1.0 0.0 0.998003992015968
296 -0.375 0.21650635094610968 -0.1875 0.10825317547305484 0.0 1.0 0.0 0.0
297 218.8125 218.8125 0.125 0.125 0.0 1.0 0.0 0.998003992015968
298 108.75 109.00046911298428 0.12463935273649426 0.12492841570521009 0.25 0.5 0.5 0.499001996007984
299 182.34375 63.11757466600365 0.1562950597421184 0.05410062074431552 0.39623918152056026 0.3333333333333333 2.0 0.9350967001690133
300 108.90625 189.06425417906837 0.06239183723565537 0.10831567161199564 0.0 1.0 0.0 0.8096588068454448
301 135.953125 47.00899720114339 0.15635857270492232 0.05406396823731207 0.5 0.25 2.0 0.7014166977193452
302 108.9375 109.18764409136047 0.12485574109459771 0.12514442635248102 0.25 0.5 0.5 0.499001996007984
303 164.09375 181.42503331305872 0.09374100993624862 0.10364181637669387 0.25 0.5 0.25 0.9038313994307065
304 163.78125 94.55920423653316 0.18739201493446458 0.10819089460395696 0.25 0.5 0.75 0.9038313994307065
305 108.6875 109.31267990541116 0.1244953868636812 0.12521647171514716 0.25 0.5 0.5 0.499001996007984
306 -0.5625 0.2072890493972124 -0.1875 0.06909634979907085 0.0 1.0 0.0 0.0
307 109.3125 109.06253606473247 0.12507200396504375 0.12478402994225428 0.25 0.5 0.5 0.499001996007984
308 -0.0625 0.2072890493972124 -0.0625 0.2072890493972124 0.0 1.0 0.0 0.0
309 -0.5625 0.10825317547305484 -0.18749999999999997 0.036084391824351615 0.0 1.0 0.0 0.0
310 155.678625 31.124679453770927 0.20830569227146853 0.04164620702638281 0.7018300800400871 0.14285714285714285 3.25 0.802797392561272
311 108.921875 109.17202811795397 0.12483771920911084 0.12512641495073173 0.5 0.25 0.75 0.6543304014267144
312 108.8645 62.709559059377554 0.1868877053766728 0.10765181583717269 0.39623918152056026 0.3333333333333333 1.5 0.60176336683568
313 218.8125 218.8125 0.125 0.125 0.0 1.0 0.0 0.998003992015968
314 109.0105 62.793210141152315 0.1873557204825042 0.10792061832251129 0.39623918152056026 0.3333333333333333 1.5 0.6037593748197119
315 164.09375 181.42503331305872 0.09374100993624862 0.10364181637669385 0.25 0.5 0.25 0.9038313994307065
316 135.671875 90.42114132536805 0.15567229302027363 0.10375423578975007 0.5 0.25 1.5 0.7014166977193452
317 109.25 109.50003591863086 0.12478436339705005 0.12507192046147844 0.25 0.5 0.5 0.499001996007984
318 54.3125 94.64958138402008 0.06221164963638926 0.10841991203343704 0.25 0.5 0.25 0.4048294034227223
319 109.40625 189.4971836655825 0.0625 0.10825317547305484 0.0 1.0 0.0 0.8096588068454448
320 136.6875 90.6044628985224 0.15612422238612647 0.10348776179981509 0.5 0.25 1.5 0.7014166977193452
321 217.25 153.84055825873338 0.12496379854050954 0.0884911136365159 0.25 0.5 0.5 0.998003992015968
322 182.34375 120.97836020661785 0.1562050028515847 0.10363640874299995 0.39623918152056026 0.3333333333333333 1.5 0.9350967001690133
323 164.125 181.4344555421615 0.0937589900637514 0.10364723758887064 0.25 0.5 0.25 0.9038313994307065
324 136.75 119.0955002044879 0.10425062798255337 0.09079117694233858 0.5 0.25 1.75 0.7014166977193452
325 109.40625 189.4971836655825 0.0625 0.10825317547305484 0.0 1.0 0.0 0.8096588068454448
326 -0.125 0.125 -0.125 0.125 0.0 1.0 0.0 0.0
327 0.375 0.2795084971874737 0.125 0.09316949906249122 0.0 1.0 0.0 0.0
328 108.1875 109.18753602287066 0.12434894318431375 0.1255064195079684 0.25 0.5 0.5 0.499001996007984
329 -0.25 0.17677669529663695 -0.125 0.08838834764831847 0.0 1.0 0.0 0.0
330 135.71875 47.10828485744847 0.15613233208727406 0.05419465321112479 0.5 0.25 2.25 0.7014166977193452
331 -0.0625 0.10825317547305484 -0.0625 0.10825317547305484 0.0 1.0 0.0 0.0
332 108.864625 62.9974413638166 0.18721150286675076 0.10833669323175318 0.39623918152056026 0.3333333333333333 1.5 0.6037593748197119
333 145.875 145.87501801136887 0.12496399290042597 0.12496400854200553 0.39623918152056026 0.3333333333333333 1.0 0.8725660986923995
334 108.0 108.750180848899 0.1244921428099409 0.12536296654127607 0.25 0.5 0.5 0.499001996007984
335 0.0 0.3061862178478973 0.0 0.15309310892394865 0.0 1.0 0.0 0.0
336 54.59375 94.27052927413354 0.06264442674493159 0.10816985538067322 0.25 0.5 0.25 0.4048294034227223
337 145.875 103.1197054859989 0.1250360383964256 0.08838836980759009 0.39623918152056026 0.3333333333333333 1.5 0.8725660986923995
338 -0.0625 0.10825317547305484 -0.0625 0.10825317547305484 0.0 1.0 0.0 0.0
339 109.53125 189.13645065824304 0.06264396614163568 0.1081701208949089 0.0 1.0 0.0 0.8096588068454448
340 109.40625 189.4971836655825 0.0625 0.10825317547305484 0.0 1.0 0.0 0.8096588068454448
341 108.927125 120.00519160726805 0.09387653643376898 0.1034214319089086 0.39623918152056026 0.3333333333333333 1.0 0.6037593748197119
342 109.28125 189.13636747507124 0.06253601241743914 0.10823239978166913 0.0 1.0 0.0 0.8096588068454448
343 109.46875 189.31678940740136 0.06257194135549721 0.10821165616520162 0.0 1.0 0.0 0.8096588068454448
344 144.64575 102.8546998096262 0.12472864713281598 0.08869551000452872 0.39623918152056026 0.3333333333333333 1.5 0.6646706586826348
345 145.47925 0.30728186004157515 0.24960396841911395 0.0005308655111215446 0.39623918152056026 0.3333333333333333 2.0 0.6666666666666666
346 109.302125 120.87171766961315 0.09371400849029607 0.10363380659442166 0.39623918152056026 0.3333333333333333 1.0 0.6037593748197119
347 218.8125 218.8125 0.125 0.125 0.0 1.0 0.0 0.998003992015968
348 -0.5625 0.2072890493972124 -0.1875 0.06909634979907085 0.0 1.0 0.0 0.0
349 218.4375 218.56253599153237 0.12492801692918216 0.12500002086983633 0.0 1.0 0.0 0.998003992015968
350 218.8125 218.6875359706747 0.125 0.12492812114450101 0.0 1.0 0.0 0.998003992015968
351 217.6875 218.1875 0.12485561523951506 0.12514438476048495 0.0 1.0 0.0 0.998003992015968
352 218.625 218.62501799055102 0.12496402932225141 0.12496403974803756 0.0 1.0 0.0 0.998003992015968
353 108.8125 109.0626803235398 0.12478348576224957 0.12507238108920973 0.25 0.5 0.5 0.499001996007984
354 0.4375 0.2724311839712921 0.14583333333333331 0.09081039465709737 0.0 1.0 0.0 0.0
355 54.6875 94.57724642172869 0.06257200396504377 0.10821166828950127 0.25 0.5 0.25 0.4048294034227223
356 0.25 0.46770717334674283 0.0625 0.11692679333668571 0.0 1.0 0.0 0.0
357 -0.5625 0.2072890493972124 -0.18749999999999997 0.06909634979907085 0.0 1.0 0.0 0.0
358 109.0 109.00072171166941 0.12485582481819463 0.12485666303211014 0.25 0.5 0.5 0.499001996007984
359 108.9895 62.78091893512858 0.1874277662562897 0.10796177768448476 0.39623918152056026 0.3333333333333333 1.5 0.60176336683568
360 218.125 218.37509005714995 0.12489190002835307 0.12503608560525054 0.0 1.0 0.0 0.998003992015968
361 218.5 218.50009000491437 0.12496400846459109 0.12496406065441082 0.0 1.0 0.0 0.998003992015968
362 218.8125 218.8125 0.125 0.125 0.0 1.0 0.0 0.998003992015968
363 0.125 0.125 0.125 0.125 0.0 1.0 0.0 0.0
364 217.9375 218.1875 0.12492784957963986 0.12507215042036016 0.0 1.0 0.0 0.998003992015968
365 136.78125 47.43296066064664 0.1561871111930632 0.05416292855672256 0.5 0.25 2.25 0.7014166977193452
366 218.5 218.75001798012826 0.1248920879667542 0.125035981097453 0.0 1.0 0.0 0.998003992015968
367 109.40625 189.4971836655825 0.0625 0.10825317547305484 0.0 1.0 0.0 0.8096588068454448
368 109.1355 62.72115344421756 0.18724799696558958 0.1076096962676459 0.39623918152056026 0.3333333333333333 1.5 0.6037593748197119
369 131.125 97.57119546831993 0.1250359891998459 0.09303924546518205 0.5804820237218405 0.2 2.25 0.7230651195445652
370 109.21875 109.21884004666235 0.12489205669852504 0.12489216109641946 0.25 0.5 0.5 0.8096588068454448
371 -0.3125 0.10825317547305484 -0.15625 0.05412658773652742 0.0 1.0 0.0 0.0
372 0.125 0.2795084971874737 0.0625 0.13975424859373686 0.0 1.0 0.0 0.0
373 191.5 47.270858360920116 0.2186063461887387 0.05396105160263835 0.5 0.25 1.75 0.9509176957233372
374 108.5625 109.06264425880732 0.12471081004362733 0.12528935799264884 0.25 0.5 0.5 0.499001996007984
375 108.90625 189.06425417906837 0.06239183723565537 0.10831567161199564 0.0 1.0 0.0 0.8096588068454448
376 -0.375 0.375 -0.125 0.125 0.0 1.0 0.0 0.0
377 218.75 218.75001798012826 0.12496405015558473 0.12496406056921275 0.0 1.0 0.0 0.998003992015968
378 108.9375 109.1875 0.12485574109459771 0.1251442589054023 0.25 0.5 0.5 0.499001996007984
379 0.0625 0.2724311839712921 0.03125 0.13621559198564606 0.0 1.0 0.0 0.0
380 109.40625 189.4971836655825 0.0625 0.10825317547305484 0.0 1.0 0.0 0.8096588068454448
381 145.04175 102.73711345533104 0.12478342296590918 0.08838863707086773 0.39623918152056026 0.3333333333333333 1.5 0.6666666666666666
382 -0.125 0.21650635094610968 -0.0625 0.10825317547305484 0.0 1.0 0.0 0.0
383 108.84375 188.95600105193316 0.06239177436945978 0.10831570796438926 0.0 1.0 0.0 0.8096588068454448
384 -0.3125 0.2724311839712921 -0.10416666666666667 0.09081039465709737 0.0 1.0 0.0 0.0
385 145.6875 103.14933531709234 0.12494602834774733 0.08846479127250068 0.39623918152056026 0.3333333333333333 1.5 0.6646706586826348
386 145.1875 102.53068153709062 0.12516276415287747 0.08838852096279994 0.39623918152056026 0.3333333333333333 1.5 0.6646706586826348
387 217.9375 217.81282505450247 0.12492784957963986 0.12485588808924052 0.0 1.0 0.0 0.998003992015968
388 109.125 109.25007200394064 0.12485599206991248 0.1250000835281496 0.25 0.5 0.5 0.499001996007984
389 -0.5 0.17677669529663695 -0.16666666666666663 0.058925565098878946 0.0 1.0 0.0 0.0
390 -0.0625 0.409839907768875 -0.020833333333333332 0.13661330258962498 0.0 1.0 0.0 0.0
391 145.854125 0.07790656060800032 0.24982004267581157 0.0001343219754130504 0.39623918152056026 0.3333333333333333 2.0 0.8721894083220585
392 107.8125 108.93757221334785 0.124274489728487 0.12558049263085264 0.25 0.5 0.5 0.499001996007984
393 109.3125 77.27369106554022 0.12503598110049166 0.08838855421435897 0.5 0.25 1.75 0.6543304014267144
394 0.125 0.375 0.0625 0.1875 0.0 1.0 0.0 0.0
395 218.375 218.62501799055102 0.12489202539377325 0.12503600196728218 0.0 1.0 0.0 0.998003992015968
396 109.40625 189.4971836655825 0.0625 0.10825317547305484 0.0 1.0 0.0 0.8096588068454448
397 109.0 109.00057736972855 0.12471198413982494 0.12471265392813484 0.25 0.5 0.5 0.499001996007984
398 108.9895 119.67210407963817 0.09406683970102896 0.10328187219882982 0.39623918152056026 0.3333333333333333 1.0 0.60176336683568
399 108.375 109.12518021876308 0.12449391757634785 0.12536169736795327 0.25 0.5 0.5 0.499001996007984
400 108.875 77.05261861909297 0.12489172195031223 0.08838843667589416 0.5 0.25 1.75 0.6543304014267144
401 -0.4375 0.2724311839712921 -0.14583333333333331 0.09081039465709737 0.0 1.0 0.0 0.0
402 -0.6875 0.3247595264191645 -0.171875 0.08118988160479113 0.0 1.0 0.0 0.0
403 109.46875 189.46112695330294 0.06253594984441527 0.1082324358519744 0.0 1.0 0.0 0.8096588068454448
404 145.83325 89.33822499723739 0.12498209020212747 0.07656489995292294 0.6462348620485163 0.16666666666666666 3.25 0.7678087198806717
405 108.885375 62.86516706282365 0.18735578238424655 0.10817020177783272 0.39623918152056026 0.3333333333333333 1.5 0.60176336683568
406 0.25 0.3535533905932739 0.08333333333333331 0.11785113019775789 0.0 1.0 0.0 0.0
407 217.9375 217.9375 0.125 0.125 0.0 1.0 0.0 0.998003992015968
408 218.8125 126.33148350736644 0.125 0.07216879971024394 0.39623918152056026 0.3333333333333333 1.5 0.998003992015968
409 164.15625 94.48709102104611 0.1875 0.10792130977951053 0.25 0.5 0.75 0.9038313994307065
410 145.22925 102.64843800390003 0.12505419153251535 0.08838838665184749 0.39623918152056026 0.3333333333333333 1.5 0.6666666666666666
411 217.5 217.37509047724248 0.1249638407223646 0.12489157487892105 0.0 1.0 0.0 0.998003992015968
412 145.3125 103.14933531709234 0.12472990688449752 0.08854125167053353 0.39623918152056026 0.3333333333333333 1.5 0.6646706586826348
413 -0.8125 0.2072890493972124 -0.203125 0.0518222623493031 0.0 1.0 0.0 0.0
414 182.34375 120.92800783453343 0.15625 0.10362282277071343 0.39623918152056026 0.3333333333333333 1.5 0.9350967001690133
415 -0.1875 0.2724311839712921 -0.09375 0.13621559198564606 0.0 1.0 0.0 0.0
416 182.34375 63.165783349122314 0.15625 0.054126635921116564 0.39623918152056026 0.3333333333333333 2.0 0.9350967001690133
417 217.75 218.1250901618044 0.12481962394909962 0.1250361276139907 0.0 1.0 0.0 0.998003992015968
418 152.44375 72.36903618697646 0.1458092513165827 0.06922041534375446 0.5804820237218405 0.2 2.5 0.7607341565786698
419 217.9375 218.31296843269385 0.12471190066048682 0.12492824694857896 0.0 1.0 0.0 0.998003992015968
420 -0.3125 0.2072890493972124 -0.15625 0.1036445246986062 0.0 1.0 0.0 0.0
421 218.8125 218.8125 0.125 0.125 0.0 1.0 0.0 0.998003992015968
422 218.8125 154.72381527225045 0.125 0.08838835501401093 0.25 0.5 0.5 0.998003992015968
423 -0.625 0.125 -0.20833333333333334 0.041666666666666664 0.0 1.0 0.0 0.0
424 109.40625 189.4971836655825 0.0625 0.10825317547305484 0.0 1.0 0.0 0.8096588068454448
425 -0.4375 0.48007160924178804 -0.109375 0.12001790231044701 0.0 1.0 0.0 0.0
426 0.125 0.2795084971874737 0.0625 0.13975424859373686 0.0 1.0 0.0 0.0
427 0.6875 0.2072890493972124 0.171875 0.0518222623493031 0.0 1.0 0.0 0.0
428 109.0625 107.81264595508571 0.125725510271513 0.12427466035497431 0.25 0.5 0.5 0.499001996007984
429 -0.1875 0.10825317547305484 -0.1875 0.10825317547305484 0.0 1.0 0.0 0.0
430 109.03125 188.4147354171076 0.06260841467141592 0.10819063085505538 0.0 1.0 0.0 0.8096588068454448
431 109.197875 63.045450296692565 0.18746394594145918 0.10823240794984483 0.39623918152056026 0.3333333333333333 1.5 0.602140057206021
432 -0.4375 0.596212000885591 -0.0875 0.11924240017711818 0.0 1.0 0.0 0.0
433 108.4375 108.9376444266465 0.12456621506544101 0.12514476321132484 0.25 0.5 0.5 0.499001996007984
434 108.125 109.00032477074865 0.12449273578987176 0.12550764340231385 0.25 0.5 0.5 0.499001996007984
435 108.875 77.31773255521021 0.12474763054123238 0.0885923310000126 0.5 0.25 1.75 0.6543304014267144
436 145.04175 102.73711345533104 0.12478342296590918 0.08838863707086773 0.39623918152056026 0.3333333333333333 1.5 0.6666666666666666
437 -0.0625 0.2072890493972124 -0.0625 0.2072890493972124 0.0 1.0 0.0 0.0
438 54.90625 94.52311986616716 0.06278784880393325 0.10808705021363575 0.25 0.5 0.25 0.4048294034227223
439 218.8125 218.8125 0.125 0.125 0.0 1.0 0.0 0.998003992015968
440 136.328125 47.33450436219473 0.15611487767169177 0.054205533553272775 0.5 0.25 2.5 0.7014166977193452
441 109.0 109.25003600196423 0.12478386281268732 0.12507208751754892 0.25 0.5 0.5 0.499001996007984
442 0.0625 0.3247595264191645 0.03125 0.16237976320958225 0.0 1.0 0.0 0.0
443 152.49375 72.54931832791733 0.14557699335768687 0.0692606298440498 0.5804820237218405 0.2 2.75 0.7607341565786698
444 0.1875 0.3697549864437261 0.0625 0.12325166214790866 0.0 1.0 0.0 0.0
445 54.15625 94.52345275913284 0.06213893313767102 0.10846208938000816 0.25 0.5 0.25 0.4048294034227223
446 54.40625 94.52378565089332 0.062355741094597704 0.10833730157004985 0.25 0.5 0.25 0.4048294034227223
447 109.40625 189.4971836655825 0.0625 0.10825317547305484 0.0 1.0 0.0 0.8096588068454448
448 108.4375 109.0626803235398 0.12449421198454362 0.12521697621475322 0.25 0.5 0.5 0.499001996007984
449 218.8125 218.8125 0.125 0.125 0.0 1.0 0.0 0.998003992015968
450 218.8125 218.8125 0.125 0.125 0.0 1.0 0.0 0.998003992015968
451 109.375 108.750180848899 0.12521613718731267 0.12449588981919152 0.25 0.5 0.5 0.499001996007984
452 218.4375 0.15088834764831846 0.2497841133970501 0.0001737321215921282 0.25 0.5 1.0 0.998003992015968
453 -0.125 0.125 -0.125 0.125 0.0 1.0 0.0 0.0
454 218.8125 218.5625 0.1250719413554972 0.12492805864450279 0.0 1.0 0.0 0.998003992015968
455 54.25 94.6854995329268 0.06213956204548657 0.10846133874822547 0.25 0.5 0.25 0.4048294034227223
456 -0.4375 0.10825317547305484 -0.21875 0.05412658773652742 0.0 1.0 0.0 0.0
457 164.078125 54.64067902378259 0.1875180009790653 0.06244610139970956 0.5 0.25 2.25 0.9038313994307065
458 136.359375 90.43950725283011 0.1560609374537608 0.10350636404762514 0.5 0.25 1.5 0.7014166977193452
459 109.375 109.375 0.125 0.125 0.25 0.5 0.5 0.499001996007984
460 -0.375 0.21650635094610968 -0.1875 0.10825317547305484 0.0 1.0 0.0 0.0
461 0.5625 0.8172935519138763 0.08035714285714286 0.11675622170198234 0.0 1.0 0.0 0.0
462 218.8125 218.8125 0.125 0.125 0.0 1.0 0.0 0.998003992015968
463 -0.75 0.3061862178478973 -0.14999999999999997 0.061237243569579464 0.0 1.0 0.0 0.0
464 108.489625 62.9253283794327 0.18710189082898432 0.10852489934496626 0.39623918152056026 0.3333333333333333 1.5 0.6037593748197119
465 -0.375 0.21650635094610968 -0.1875 0.10825317547305484 0.0 1.0 0.0 0.0
466 108.75 108.37623408197982 0.12485548913844105 0.12442339326589087 0.25 0.5 0.5 0.499001996007984
467 108.9375 109.31253598110658 0.12478373722729194 0.1252163045612245 0.25 0.5 0.5 0.499001996007984
468 108.4375 108.9376444266465 0.12471047278687376 0.1252896956438256 0.25 0.5 0.5 0.499001996007984
469 0.3125 0.409839907768875 0.078125 0.10245997694221876 0.0 1.0 0.0 0.0
470 130.825 43.82573598232868 0.18694245989919284 0.06262697923360247 0.5804820237218405 0.2 2.5 0.7230651195445652
471 164.1875 181.22716649733746 0.09384892196949443 0.10358758854338729 0.25 0.5 0.25 0.9038313994307065
472 -1.0 0.17677669529663695 -0.2 0.035355339059327376 0.0 1.0 0.0 0.0
473 218.125 217.62523496672918 0.12503607521018006 0.12474761009821893 0.0 1.0 0.0 0.998003992015968
474 0.125 0.125 0.125 0.125 0.0 1.0 0.0 0.0
475 0.1875 0.4463392767839282 0.0625 0.14877975892797604 0.0 1.0 0.0 0.0
476 -0.3125 0.511584548242028 -0.10416666666666667 0.17052818274734266 0.0 1.0 0.0 0.0
477 164.1875 94.64947055895557 0.18742820427158097 0.10804595125687601 0.25 0.5 0.75 0.9038313994307065
478 163.5 180.79389031418657 0.09377707476661884 0.10369630911792178 0.25 0.5 0.25 0.9038313994307065
479 -0.4375 0.4463392767839282 -0.109375 0.11158481919598205 0.0 1.0 0.0 0.0
480 136.609375 119.24244527754607 0.10410272806276913 0.090869096344633 0.5 0.25 1.75 0.7014166977193452
481 218.8125 218.8125 0.125 0.125 0.0 1.0 0.0 0.998003992015968
482 164.03125 94.70351401987492 0.187464060566175 0.10823245788132431 0.25 0.5 0.75 0.9038313994307065
483 -0.0625 0.10825317547305484 -0.0625 0.10825317547305484 0.0 1.0 0.0 0.0
484 -0.3125 0.2072890493972124 -0.15625 0.1036445246986062 0.0 1.0 0.0 0.0
485 218.8125 218.8125 0.125 0.125 0.0 1.0 0.0 0.998003992015968
486 144.8125 102.61890350984815 0.12483723584712254 0.08846510328113487 0.39623918152056026 0.3333333333333333 1.5 0.6646706586826348
487 109.0 109.25014400783253 0.12485582481819463 0.12514434243340833 0.25 0.5 0.5 0.499001996007984
488 -0.25 0.0 -0.25 0.0 0.0 1.0 0.0 0.0
489 152.65625 72.34203334465377 0.14584536462876246 0.06911452595246004 0.5804820237218405 0.2 2.5 0.7607341565786698
490 218.1875 218.56253599153237 0.12485595033024342 0.12507204571690672 0.0 1.0 0.0 0.998003992015968
491 145.375 102.88422796851935 0.124891868647316 0.08838851429114712 0.39623918152056026 0.3333333333333333 1.5 0.6646706586826348
492 0.3125 0.3247595264191645 0.15625 0.16237976320958225 0.0 1.0 0.0 0.0
493 109.1355 36.34412839706659 0.18746444666122608 0.06242864447171129 0.6462348620485163 0.16666666666666666 3.25 0.7065207456474079
494 218.25 218.25001802189237 0.12496396667611767 0.12496397713850714 0.0 1.0 0.0 0.998003992015968
495 108.76875 37.86343540112272 0.15596122003522084 0.05429343563810651 0.5804820237218405 0.2 2.75 0.6853960825104605
496 -0.125 0.375 -0.0625 0.1875 0.0 1.0 0.0 0.0
497 0.5 0.25 0.16666666666666666 0.08333333333333333 0.0 1.0 0.0 0.0
498 -0.3125 0.10825317547305484 -0.15625 0.05412658773652742 0.0 1.0 0.0 0.0
499 -0.375 0.4145780987944248 -0.09375 0.1036445246986062 0.0 1.0 0.0 0.0
500 -0.3125 0.2072890493972124 -0.15625 0.1036445246986062 0.0 1.0 0.0 0.0
501 109.40625 189.4971836655825 0.0625 0.10825317547305484 0.0 1.0 0.0 0.8096588068454448
502 145.875 145.87501801136887 0.12496399290042597 0.12496400854200553 0.39623918152056026 0.3333333333333333 1.0 0.8725660986923995
503 164.140625 54.67192898201863 0.1874820406876014 0.06244614296898257 0.5 0.25 2.5 0.9038313994307065
504 108.9375 109.31267990541116 0.12463998017478117 0.12507221266342497 0.25 0.5 0.5 0.499001996007984
505 0.1875 0.2072890493972124 0.09375 0.1036445246986062 0.0 1.0 0.0 0.0
506 182.072875 63.08173439036551 0.1562408847967377 0.05413192273183835 0.39623918152056026 0.3333333333333333 2.0 0.9350967001690133
507 0.0 0.25 0.0 0.25 0.0 1.0 0.0 0.0
508 0.25 0.25 0.125 0.125 0.0 1.0 0.0 0.0
509 -0.5625 0.2072890493972124 -0.1875 0.06909634979907085 0.0 1.0 0.0 0.0
510 145.22925 102.47273655109623 0.12516271666911938 0.0883126210106309 0.39623918152056026 0.3333333333333333 1.5 0.6666666666666666
511 218.4375 218.6875 0.12492801692918216 0.12507198307081785 0.0 1.0 0.0 0.998003992015968
512 54.25 94.10848398980457 0.06242757594049292 0.10829544474834019 0.25 0.5 0.25 0.4048294034227223
513 0.25 0.3061862178478973 0.08333333333333331 0.10206207261596577 0.0 1.0 0.0 0.0
514 0.4375 0.4463392767839282 0.109375 0.11158481919598205 0.0 1.0 0.0 0.0
515 109.125 109.375 0.12485599206991248 0.12514400793008754 0.25 0.5 0.5 0.499001996007984
516 109.385375 120.94687417367938 0.0937319886328448 0.10363910093042199 0.39623918152056026 0.3333333333333333 1.0 0.60176336683568
517 218.5 77.3179232630402 0.16669867770016747 0.05898796108679115 0.5 0.25 1.75 0.998003992015968
518 109.385375 63.15373117831448 0.18735603414064927 0.10817015305842902 0.39623918152056026 0.3333333333333333 1.5 0.60176336683568
519 0.25 0.39528470752104733 0.08333333333333331 0.13176156917368245 0.0 1.0 0.0 0.0
520 108.25 109.00018042831653 0.12449332737702909 0.12536211943148867 0.25 0.5 0.5 0.499001996007984
521 0.0 0.25 0.0 0.25 0.0 1.0 0.0 0.0
522 -0.625 0.21650635094610968 -0.20833333333333334 0.07216878364870323 0.0 1.0 0.0 0.0
523 0.5 0.5590169943749475 0.1 0.11180339887498951 0.0 1.0 0.0 0.0
524 182.072875 120.85909748966874 0.1560612710100639 0.10359323216374225 0.39623918152056026 0.3333333333333333 1.5 0.9350967001690133
525 108.625 108.75007233962144 0.12485532070762528 0.12500008431421764 0.25 0.5 0.5 0.499001996007984
526 191.453125 47.38788292768726 0.21867812113235005 0.054126675877205224 0.5 0.25 1.5 0.9509176957233373
527 0.0 0.3061862178478973 0.0 0.15309310892394865 0.0 1.0 0.0 0.0
528 218.5 126.223271734896 0.12496400846459109 0.07218960345672679 0.39623918152056026 0.3333333333333333 1.5 0.998003992015968
529 109.59375 189.24462063446308 0.0626438827109944 0.1081701208104891 0.0 1.0 0.0 0.8096588068454448
530 109.197875 120.89038419649185 0.09365101549235058 0.10367981661537551 0.39623918152056026 0.3333333333333333 1.0 0.60176336683568
531 218.5 218.75001798012826 0.12489208796675419 0.125035981097453 0.0 1.0 0.0 0.998003992015968
532 108.5 109.00014434272691 0.12471064141525057 0.1252895268182372 0.25 0.5 0.5 0.499001996007984
533 191.453125 119.19942291323977 0.14586932293137966 0.09081867138199376 0.5 0.25 1.25 0.9509176957233373
534 145.33325 0.1594832790675602 0.24963983328545658 0.00027583309991359244 0.39623918152056026 0.3333333333333333 2.0 0.6646706586826348
535 -0.4375 0.3247595264191645 -0.14583333333333331 0.10825317547305484 0.0 1.0 0.0 0.0
536 54.75 94.10881837010588 0.0628612771538974 0.10804543544521547 0.25 0.5 0.25 0.4048294034227223
537 54.71875 94.48786804822785 0.06264409145820844 0.10817101503104012 0.25 0.5 0.25 0.4048294034227223
538 54.40625 94.37911579407341 0.062427786627534204 0.10829532044541863 0.25 0.5 0.25 0.4048294034227223
539 0.0 0.0 0.0 0.0 0.0 1.0 0.0 0.0
540 109.40625 189.4971836655825 0.0625 0.10825317547305484 0.0 1.0 0.0 0.8096588068454448
541 182.322875 63.08173439036551 0.15632182669712763 0.05408519084055101 0.39623918152056026 0.3333333333333333 2.0 0.9350967001690133
542 144.79175 102.38448329524148 0.12521771661957717 0.08854339717190826 0.39623918152056026 0.3333333333333333 1.5 0.6666666666666666
543 109.125 109.25003600196423 0.12492795427089579 0.12507208751754892 0.25 0.5 0.5 0.499001996007984
544 0.0625 0.4463392767839282 0.020833333333333332 0.14877975892797604 0.0 1.0 0.0 0.0
545 181.760375 120.87781982199213 0.15601588278876108 0.10375856756091639 0.39623918152056026 0.3333333333333333 1.5 0.9350967001690133
546 145.8125 103.14923342951029 0.1249460752364192 0.08838837520755681 0.39623918152056026 0.3333333333333333 1.5 0.6646706586826348
547 -0.0625 0.2072890493972124 -0.0625 0.2072890493972124 0.0 1.0 0.0 0.0
548 109.46875 109.34380396121277 0.125035939433825 0.1248922441863544 0.25 0.5 0.5 0.8096588068454448
549 108.5 108.37536296678842 0.125 0.12485540671265904 0.25 0.5 0.5 0.499001996007984
550 109.296875 109.29713590434822 0.12487418076807083 0.12487448297856664 0.5 0.25 0.75 0.6543304014267144
551 109.34375 189.38893049010943 0.0625 0.10825317547305484 0.0 1.0 0.0 0.8096588068454448
552 -0.3125 0.3247595264191645 -0.15625 0.16237976320958225 0.0 1.0 0.0 0.0
553 217.6875 153.75154352220807 0.12507231855527082 0.08833721815549872 0.25 0.5 0.5 0.998003992015968
554 -0.3125 0.10825317547305484 -0.15625 0.05412658773652742 0.0 1.0 0.0 0.0
555 -0.4375 0.2072890493972124 -0.14583333333333334 0.06909634979907085 0.0 1.0 0.0 0.0
556 -0.625 0.125 -0.20833333333333334 0.041666666666666664 0.0 1.0 0.0 0.0
557 136.421875 90.64657879900194 0.15613296227644344 0.10374499098357862 0.5 0.25 1.5 0.7014166977193452
558 152.14375 94.867838413018 0.145801151151716 0.09091383147371222 0.5804820237218405 0.2 1.5 0.7607341565786697
559 145.854125 103.11971185397704 0.1250180270292704 0.08838837534013821 0.39623918152056026 0.3333333333333333 1.5 0.8721894083220585
560 109.40625 188.34259451213055 0.06278893755718776 0.10808642211295999 0.0 1.0 0.0 0.8096588068454448
561 109.1875 109.31253598110658 0.12492799603495623 0.12507204570474864 0.25 0.5 0.5 0.499001996007984
562 -1.0 0.17677669529663695 -0.2 0.035355339059327376 0.0 1.0 0.0 0.0
563 163.84375 54.78160910165556 0.18719442117186244 0.06259027502254824 0.5 0.25 2.0 0.7485029940119761
564 -0.0625 0.3247595264191645 -0.03125 0.16237976320958225 0.0 1.0 0.0 0.0
565 -0.1875 0.10825317547305484 -0.1875 0.10825317547305484 0.0 1.0 0.0 0.0
566 164.125 181.20842464200396 0.0938129512917458 0.10357680243377962 0.25 0.5 0.25 0.9038313994307065
567 218.75 154.54705130925154 0.1250359706777486 0.08833749217228587 0.25 0.5 0.5 0.998003992015968
568 152.09375 94.91374947635416 0.14561239903024892 0.09087044832613847 0.5804820237218405 0.2 1.5 0.7607341565786698
569 -0.5 0.3061862178478973 -0.16666666666666663 0.10206207261596577 0.0 1.0 0.0 0.0
570 0.0625 0.2072890493972124 0.0625 0.2072890493972124 0.0 1.0 0.0 0.0
571 218.4375 218.56267995760086 0.1248561172890056 0.12492816293275964 0.0 1.0 0.0 0.998003992015968
572 181.989625 158.58609320794727 0.10420272318159671 0.09080217321601652 0.39623918152056026 0.3333333333333333 1.0 0.9354733905393543
573 108.8855 120.74623877155638 0.09351580440133256 0.10370453984568488 0.39623918152056026 0.3333333333333333 1.0 0.6037593748197119
574 109.34375 188.95600105193316 0.06260809997164694 0.1081908122631552 0.0 1.0 0.0 0.8096588068454448
575 131.1 97.86160028894822 0.12496403397079632 0.09328226291457986 0.5804820237218405 0.2 1.75 0.7230651195445652
576 54.625 94.46932639714744 0.06257208759090269 0.1082120070115063 0.25 0.5 0.25 0.4048294034227223
577 0.4375 0.48007160924178804 0.109375 0.12001790231044701 0.0 1.0 0.0 0.0
578 109.0625 109.18768011423113 0.12478398810486868 0.12492820497725128 0.25 0.5 0.5 0.499001996007984
579 218.8125 218.6875359706747 0.125 0.12492812114450101 0.0 1.0 0.0 0.998003992015968
580 -0.375 0.21650635094610968 -0.1875 0.10825317547305484 0.0 1.0 0.0 0.0
581 -0.25 0.3535533905932739 -0.08333333333333331 0.11785113019775789 0.0 1.0 0.0 0.0
582 136.109375 90.10015706420614 0.15626810590368284 0.10344312001887576 0.5 0.25 1.5 0.7014166977193452
583 109.15625 189.20853624799705 0.06246398758256085 0.10827398333321009 0.0 1.0 0.0 0.8096588068454448
584 164.09375 94.73959842239091 0.18742812113235005 0.1082117082519972 0.25 0.5 0.75 0.9038313994307065
585 108.96875 109.21876800098212 0.12481980195364252 0.12510817321147558 0.25 0.5 0.5 0.8096588068454448
586 72.6875 72.68811276358649 0.12464045941459172 0.12464152459921314 0.39623918152056026 0.3333333333333333 1.0 0.5392327653590662
587 54.71875 94.19869459039901 0.0627888534898632 0.10808685928030753 0.25 0.5 0.25 0.4048294034227223
588 53.9375 94.43324215588265 0.06199362247668848 0.10854598576665074 0.25 0.5 0.25 0.4048294034227223
589 108.84375 189.10036628787702 0.062355782980873825 0.10833650364574854 0.0 1.0 0.0 0.8096588068454448
590 109.25 109.00014434272691 0.125 0.12471215158724908 0.25 0.5 0.5 0.499001996007984
591 73.020875 72.89609069849385 0.12492832894657213 0.12471337795027265 0.39623918152056026 0.3333333333333333 1.0 0.540852082972757
592 109.0 108.750723393988 0.125 0.12471215551476902 0.25 0.5 0.5 0.499001996007984
593 109.385375 63.15373117831448 0.18735603414064927 0.10817015305842902 0.39623918152056026 0.3333333333333333 1.5 0.60176336683568
594 -0.5 0.3535533905932739 -0.125 0.08838834764831847 0.0 1.0 0.0 0.0
595 163.53125 31.425830118865363 0.1875725062758208 0.036045473930177895 0.6462348620485163 0.16666666666666666 2.5 0.7990740206189786
596 109.0 0.19203287234692468 0.24942396866991182 0.000442467803514604 0.5 0.25 2.25 0.6543304014267144
597 109.40625 109.40626798012447 0.12496406056617503 0.124964081387352 0.25 0.5 0.5 0.8096588068454448
598 108.625 109.25018000969919 0.12449509383109196 0.12521659754467182 0.25 0.5 0.5 0.499001996007984
599 54.6875 94.28851583703074 0.06271651423775042 0.10812817091960625 0.25 0.5 0.25 0.4048294034227223
600 109.15625 189.4971836655825 0.06239208796675419 0.10831547851449809 0.0 1.0 0.0 0.8096588068454448
